1,0,9.358,9.358,1.0,0.0,1.0,1.0,0.0,1.0,1.0,1.0
1,10,9.348,9.348,1.0,0.0,1.0,1.0,0.0,1.0,1.0,1.0
1,100,9.256,9.256,1.0,0.0,1.0,1.0,0.0,1.0,1.0,1.0
1,1000,8.398,8.398,1.0,0.0,1.0,1.0,0.0,1.0,1.0,1.0
1,10000,9.556,9.558,1.0,0.0,1.0,1.0,0.0,1.0,1.0,1.0
1,100000,9.148,9.154,1.0,0.0,1.0,1.0,0.0,1.0,1.0,1.0
1,1000000,9.042,9.044,1.0,0.0,1.0,1.0,0.0,1.0,1.0,1.0
1,10000000,8.93,8.93,1.0,0.0,1.0,1.0,0.0,1.0,1.0,1.0
1,10000010,8.912,8.912,1.0,0.0,1.0,1.0,0.0,1.0,1.0,1.0
1,10000020,8.896,8.896,1.0,0.0,1.0,1.0,0.0,1.0,1.0,1.0
1,10000030,8.878,8.88,1.0,0.0,1.0,1.0,0.0,1.0,1.0,1.0
1,10000040,8.8,8.802,1.0,0.0,1.0,1.0,0.0,1.0,1.0,1.0
1,10000050,8.674,8.674,1.0,0.0,1.0,1.0,0.0,1.0,1.0,1.0
1,10000060,8.666,8.666,1.0,0.0,1.0,1.0,0.0,1.0,1.0,1.0
1,10000070,8.652,8.652,1.0,0.0,1.0,1.0,0.0,1.0,1.0,1.0
1,10000080,8.64,8.642,1.0,0.0,1.0,1.0,0.0,1.0,1.0,1.0
1,10000090,8.626,8.628,1.0,0.0,1.0,1.0,0.0,1.0,1.0,1.0
1,1000010,9.032,9.036,1.0,0.0,1.0,1.0,0.0,1.0,1.0,1.0
1,10000100,8.61,8.614,1.0,0.0,1.0,1.0,0.0,1.0,1.0,1.0
1,10000110,8.598,8.6,1.0,0.0,1.0,1.0,0.0,1.0,1.0,1.0
1,10000120,8.582,8.582,1.0,0.0,1.0,1.0,0.0,1.0,1.0,1.0
1,10000130,8.566,8.568,1.0,0.0,1.0,1.0,0.0,1.0,1.0,1.0
1,10000140,8.552,8.554,1.0,0.0,1.0,1.0,0.0,1.0,1.0,1.0
1,10000150,8.536,8.54,1.0,0.0,1.0,1.0,0.0,1.0,1.0,1.0
1,10000160,8.52,8.524,1.0,0.0,1.0,1.0,0.0,1.0,1.0,1.0
1,10000170,8.508,8.508,1.0,0.0,1.0,1.0,0.0,1.0,1.0,1.0
1,10000180,8.49,8.494,1.0,0.0,1.0,1.0,0.0,1.0,1.0,1.0
1,10000190,8.472,8.476,1.0,0.0,1.0,1.0,0.0,1.0,1.0,1.0
1,1000020,9.024,9.028,1.0,0.0,1.0,1.0,0.0,1.0,1.0,1.0
1,10000200,8.46,8.46,1.0,0.0,1.0,1.0,0.0,1.0,1.0,1.0
1,10000210,8.442,8.442,1.0,0.0,1.0,1.0,0.0,1.0,1.0,1.0
1,10000220,8.426,8.428,1.0,0.0,1.0,1.0,0.0,1.0,1.0,1.0
1,10000230,8.412,8.414,1.0,0.0,1.0,1.0,0.0,1.0,1.0,1.0
1,10000240,8.398,8.4,1.0,0.0,1.0,1.0,0.0,1.0,1.0,1.0
1,10000250,8.38,8.38,1.0,0.0,1.0,1.0,0.0,1.0,1.0,1.0
1,10000260,8.364,8.364,1.0,0.0,1.0,1.0,0.0,1.0,1.0,1.0
1,10000270,8.348,8.35,1.0,0.0,1.0,1.0,0.0,1.0,1.0,1.0
1,10000280,8.336,8.336,1.0,0.0,1.0,1.0,0.0,1.0,1.0,1.0
1,10000290,8.318,8.318,1.0,0.0,1.0,1.0,0.0,1.0,1.0,1.0
1,1000030,9.018,9.022,1.0,0.0,1.0,1.0,0.0,1.0,1.0,1.0
1,10000300,8.302,8.304,1.0,0.0,1.0,1.0,0.0,1.0,1.0,1.0
1,10000310,8.286,8.288,1.0,0.0,1.0,1.0,0.0,1.0,1.0,1.0
1,10000320,8.272,8.274,1.0,0.0,1.0,1.0,0.0,1.0,1.0,1.0
1,10000330,8.256,8.258,1.0,0.0,1.0,1.0,0.0,1.0,1.0,1.0
1,10000340,8.24,8.242,1.0,0.0,1.0,1.0,0.0,1.0,1.0,1.0
1,10000350,8.226,8.226,1.0,0.0,1.0,1.0,0.0,1.0,1.0,1.0
1,10000360,8.21,8.21,1.0,0.0,1.0,1.0,0.0,1.0,1.0,1.0
1,10000370,8.196,8.198,1.0,0.0,1.0,1.0,0.0,1.0,1.0,1.0
1,10000380,8.18,8.182,1.0,0.0,1.0,1.0,0.0,1.0,1.0,1.0
1,10000390,8.166,8.168,1.0,0.0,1.0,1.0,0.0,1.0,1.0,1.0
1,1000040,9.008,9.014,1.0,0.0,1.0,1.0,0.0,1.0,1.0,1.0
1,10000400,8.148,8.15,1.0,0.0,1.0,1.0,0.0,1.0,1.0,1.0
1,10000410,8.134,8.134,1.0,0.0,1.0,1.0,0.0,1.0,1.0,1.0
1,10000420,8.12,8.12,1.0,0.0,1.0,1.0,0.0,1.0,1.0,1.0
1,10000430,8.102,8.104,1.0,0.0,1.0,1.0,0.0,1.0,1.0,1.0
1,10000440,8.088,8.09,0.0,1.0,1.0,0.0,0.0,1.0,1.0,1.0
1,10000450,8.078,8.08,0.0,1.0,0.0,0.0,0.0,1.0,1.0,1.0
1,10000460,8.264,8.262,0.0,1.0,0.0,0.0,0.0,1.0,1.0,1.0
1,10000470,8.508,8.508,0.0,1.0,0.0,0.0,0.0,1.0,1.0,1.0
1,10000480,8.72,8.718,0.0,1.0,0.0,0.0,0.0,1.0,1.0,1.0
1,10000490,8.924,8.92,0.0,1.0,0.0,0.0,0.0,1.0,1.0,1.0
1,1000050,9.002,9.008,1.0,0.0,1.0,1.0,0.0,1.0,1.0,1.0
1,10000500,9.132,9.128,0.0,1.0,0.0,0.0,0.0,1.0,1.0,1.0
1,10000510,9.226,9.224,0.0,1.0,1.0,0.0,0.0,1.0,1.0,1.0
1,10000520,9.366,9.362,0.0,1.0,1.0,0.0,0.0,1.0,1.0,1.0
1,10000530,9.556,9.554,0.0,1.0,1.0,0.0,0.0,1.0,1.0,1.0
1,10000540,9.722,9.72,0.0,1.0,1.0,0.0,0.0,1.0,1.0,1.0
1,10000550,9.88,9.878,0.0,1.0,1.0,0.0,0.0,1.0,1.0,1.0
1,10000560,10.036,10.034,0.0,1.0,1.0,0.0,0.0,1.0,1.0,1.0
1,10000570,10.104,10.102,0.0,1.0,0.0,0.0,0.0,1.0,1.0,1.0
1,10000580,10.192,10.19,0.0,1.0,0.0,0.0,0.0,1.0,1.0,1.0
1,10000590,10.144,10.142,1.0,0.0,1.0,1.0,0.0,1.0,1.0,1.0
1,1000060,8.996,9.0,1.0,0.0,1.0,1.0,0.0,1.0,1.0,1.0
1,10000600,10.094,10.094,1.0,0.0,1.0,1.0,0.0,1.0,1.0,1.0
1,10000610,10.054,10.052,1.0,0.0,1.0,1.0,0.0,1.0,1.0,1.0
1,10000620,10.022,10.022,1.0,0.0,1.0,1.0,0.0,1.0,1.0,1.0
1,10000630,9.99,9.986,1.0,0.0,1.0,1.0,0.0,1.0,1.0,1.0
1,10000640,9.956,9.954,1.0,0.0,1.0,1.0,0.0,1.0,1.0,1.0
1,10000650,9.928,9.926,1.0,0.0,1.0,1.0,0.0,1.0,1.0,1.0
1,10000660,9.9,9.9,1.0,0.0,1.0,1.0,0.0,1.0,1.0,1.0
1,10000670,9.876,9.876,1.0,0.0,1.0,1.0,0.0,1.0,1.0,1.0
1,10000680,9.848,9.848,1.0,0.0,1.0,1.0,0.0,1.0,1.0,1.0
1,10000690,9.824,9.822,1.0,0.0,1.0,1.0,0.0,1.0,1.0,1.0
1,1000070,8.988,8.994,1.0,0.0,1.0,1.0,0.0,1.0,1.0,1.0
1,10000700,9.8,9.8,1.0,0.0,1.0,1.0,0.0,1.0,1.0,1.0
1,10000710,9.78,9.778,1.0,0.0,1.0,1.0,0.0,1.0,1.0,1.0
1,10000720,9.758,9.756,1.0,0.0,1.0,1.0,0.0,1.0,1.0,1.0
1,10000730,9.734,9.734,1.0,0.0,1.0,1.0,0.0,1.0,1.0,1.0
1,10000740,9.714,9.712,1.0,0.0,1.0,1.0,0.0,1.0,1.0,1.0
1,10000750,9.69,9.688,1.0,0.0,1.0,1.0,0.0,1.0,1.0,1.0
1,10000760,9.668,9.668,1.0,0.0,1.0,1.0,0.0,1.0,1.0,1.0
1,10000770,9.65,9.65,1.0,0.0,1.0,1.0,0.0,1.0,1.0,1.0
1,10000780,9.628,9.628,1.0,0.0,1.0,1.0,0.0,1.0,1.0,1.0
1,10000790,9.606,9.608,1.0,0.0,1.0,1.0,0.0,1.0,1.0,1.0
1,1000080,8.984,8.988,1.0,0.0,1.0,1.0,0.0,1.0,1.0,1.0
1,10000800,9.588,9.588,1.0,0.0,1.0,1.0,0.0,1.0,1.0,1.0
1,10000810,9.568,9.568,1.0,0.0,1.0,1.0,0.0,1.0,1.0,1.0
1,10000820,9.548,9.55,1.0,0.0,1.0,1.0,0.0,1.0,1.0,1.0
1,10000830,9.528,9.528,1.0,0.0,1.0,1.0,0.0,1.0,1.0,1.0
1,10000840,9.508,9.51,1.0,0.0,1.0,1.0,0.0,1.0,1.0,1.0
1,10000850,9.49,9.49,1.0,0.0,1.0,1.0,0.0,1.0,1.0,1.0
1,10000860,9.47,9.47,1.0,0.0,1.0,1.0,0.0,1.0,1.0,1.0
1,10000870,9.45,9.45,1.0,0.0,1.0,1.0,0.0,1.0,1.0,1.0
1,10000880,9.43,9.432,1.0,0.0,1.0,1.0,0.0,1.0,1.0,1.0
1,10000890,9.41,9.412,1.0,0.0,1.0,1.0,0.0,1.0,1.0,1.0
1,1000090,8.976,8.98,1.0,0.0,1.0,1.0,0.0,1.0,1.0,1.0
1,10000900,9.392,9.394,1.0,0.0,1.0,1.0,0.0,1.0,1.0,1.0
1,10000910,9.374,9.376,1.0,0.0,1.0,1.0,0.0,1.0,1.0,1.0
1,10000920,9.354,9.356,1.0,0.0,1.0,1.0,0.0,1.0,1.0,1.0
1,10000930,9.336,9.336,1.0,0.0,1.0,1.0,0.0,1.0,1.0,1.0
1,10000940,9.318,9.318,1.0,0.0,1.0,1.0,0.0,1.0,1.0,1.0
1,10000950,9.3,9.3,1.0,0.0,1.0,1.0,0.0,1.0,1.0,1.0
1,10000960,9.28,9.28,1.0,0.0,1.0,1.0,0.0,1.0,1.0,1.0
1,10000970,9.262,9.264,1.0,0.0,1.0,1.0,0.0,1.0,1.0,1.0
1,10000980,9.244,9.246,1.0,0.0,1.0,1.0,0.0,1.0,1.0,1.0
1,10000990,9.226,9.226,1.0,0.0,1.0,1.0,0.0,1.0,1.0,1.0
2,100010,9.12,9.124,1.0,0.0,1.0,1.0,0.0,1.0,1.0,1.0
2,1000100,8.97,8.974,1.0,0.0,1.0,1.0,0.0,1.0,1.0,1.0
2,10001000,9.206,9.204,1.0,0.0,1.0,1.0,0.0,1.0,1.0,1.0
2,10001010,9.19,9.19,1.0,0.0,1.0,1.0,0.0,1.0,1.0,1.0
2,10001020,9.17,9.172,1.0,0.0,1.0,1.0,0.0,1.0,1.0,1.0
2,10001030,9.15,9.154,1.0,0.0,1.0,1.0,0.0,1.0,1.0,1.0
2,10001040,9.132,9.134,1.0,0.0,1.0,1.0,0.0,1.0,1.0,1.0
2,10001050,9.114,9.116,1.0,0.0,1.0,1.0,0.0,1.0,1.0,1.0
2,10001060,9.096,9.098,1.0,0.0,1.0,1.0,0.0,1.0,1.0,1.0
2,10001070,9.076,9.08,1.0,0.0,1.0,1.0,0.0,1.0,1.0,1.0
2,10001080,9.06,9.06,1.0,0.0,1.0,1.0,0.0,1.0,1.0,1.0
2,10001090,9.04,9.042,1.0,0.0,1.0,1.0,0.0,1.0,1.0,1.0
2,1000110,8.962,8.966,1.0,0.0,1.0,1.0,0.0,1.0,1.0,1.0
2,10001100,9.024,9.024,1.0,0.0,1.0,1.0,0.0,1.0,1.0,1.0
2,10001110,9.004,9.006,1.0,0.0,1.0,1.0,0.0,1.0,1.0,1.0
2,10001120,8.988,8.988,1.0,0.0,1.0,1.0,0.0,1.0,1.0,1.0
2,10001130,8.968,8.97,1.0,0.0,1.0,1.0,0.0,1.0,1.0,1.0
2,10001140,8.952,8.952,1.0,0.0,1.0,1.0,0.0,1.0,1.0,1.0
2,10001150,8.934,8.936,1.0,0.0,1.0,1.0,0.0,1.0,1.0,1.0
2,10001160,8.914,8.916,1.0,0.0,1.0,1.0,0.0,1.0,1.0,1.0
2,10001170,8.898,8.898,1.0,0.0,1.0,1.0,0.0,1.0,1.0,1.0
2,10001180,8.882,8.882,1.0,0.0,1.0,1.0,0.0,1.0,1.0,1.0
2,10001190,8.864,8.864,1.0,0.0,1.0,1.0,0.0,1.0,1.0,1.0
2,1000120,8.954,8.958,1.0,0.0,1.0,1.0,0.0,1.0,1.0,1.0
2,10001200,8.846,8.848,1.0,0.0,1.0,1.0,0.0,1.0,1.0,1.0
2,10001210,8.83,8.828,1.0,0.0,1.0,1.0,0.0,1.0,1.0,1.0
2,10001220,8.812,8.812,1.0,0.0,1.0,1.0,0.0,1.0,1.0,1.0
2,10001230,8.792,8.792,1.0,0.0,1.0,1.0,0.0,1.0,1.0,1.0
2,10001240,8.774,8.776,1.0,0.0,1.0,1.0,0.0,1.0,1.0,1.0
2,10001250,8.758,8.76,1.0,0.0,1.0,1.0,0.0,1.0,1.0,1.0
2,10001260,8.74,8.74,1.0,0.0,1.0,1.0,0.0,1.0,1.0,1.0
2,10001270,8.722,8.724,1.0,0.0,1.0,1.0,0.0,1.0,1.0,1.0
2,10001280,8.706,8.706,1.0,0.0,1.0,1.0,0.0,1.0,1.0,1.0
2,10001290,8.688,8.688,1.0,0.0,1.0,1.0,0.0,1.0,1.0,1.0
2,1000130,8.946,8.95,1.0,0.0,1.0,1.0,0.0,1.0,1.0,1.0
2,10001300,8.674,8.674,1.0,0.0,1.0,1.0,0.0,1.0,1.0,1.0
2,10001310,8.656,8.658,1.0,0.0,1.0,1.0,0.0,1.0,1.0,1.0
2,10001320,8.64,8.64,1.0,0.0,1.0,1.0,0.0,1.0,1.0,1.0
2,10001330,8.622,8.62,1.0,0.0,1.0,1.0,0.0,1.0,1.0,1.0
2,10001340,8.606,8.606,1.0,0.0,1.0,1.0,0.0,1.0,1.0,1.0
2,10001350,8.588,8.59,1.0,0.0,1.0,1.0,0.0,1.0,1.0,1.0
2,10001360,8.57,8.57,1.0,0.0,1.0,1.0,0.0,1.0,1.0,1.0
2,10001370,8.554,8.556,1.0,0.0,1.0,1.0,0.0,1.0,1.0,1.0
2,10001380,8.54,8.54,1.0,0.0,1.0,1.0,0.0,1.0,1.0,1.0
2,10001390,8.522,8.524,1.0,0.0,1.0,1.0,0.0,1.0,1.0,1.0
2,1000140,8.938,8.944,1.0,0.0,1.0,1.0,0.0,1.0,1.0,1.0
2,10001400,8.506,8.506,1.0,0.0,1.0,1.0,0.0,1.0,1.0,1.0
2,10001410,8.49,8.492,1.0,0.0,1.0,1.0,0.0,1.0,1.0,1.0
2,10001420,8.474,8.474,1.0,0.0,1.0,1.0,0.0,1.0,1.0,1.0
2,10001430,8.456,8.456,1.0,0.0,1.0,1.0,0.0,1.0,1.0,1.0
2,10001440,8.44,8.442,1.0,0.0,1.0,1.0,0.0,1.0,1.0,1.0
2,10001450,8.426,8.426,1.0,0.0,1.0,1.0,0.0,1.0,1.0,1.0
2,10001460,8.41,8.41,1.0,0.0,1.0,1.0,0.0,1.0,1.0,1.0
2,10001470,8.394,8.392,1.0,0.0,1.0,1.0,0.0,1.0,1.0,1.0
2,10001480,8.378,8.378,1.0,0.0,1.0,1.0,0.0,1.0,1.0,1.0
2,10001490,8.362,8.362,1.0,0.0,1.0,1.0,0.0,1.0,1.0,1.0
2,1000150,8.93,8.936,1.0,0.0,1.0,1.0,0.0,1.0,1.0,1.0
2,10001500,8.344,8.346,1.0,0.0,1.0,1.0,0.0,1.0,1.0,1.0
2,10001510,8.33,8.33,1.0,0.0,1.0,1.0,0.0,1.0,1.0,1.0
2,10001520,8.314,8.314,1.0,0.0,1.0,1.0,0.0,1.0,1.0,1.0
2,10001530,8.298,8.298,1.0,0.0,1.0,1.0,0.0,1.0,1.0,1.0
2,10001540,8.282,8.282,1.0,0.0,1.0,1.0,0.0,1.0,1.0,1.0
2,10001550,8.268,8.268,1.0,0.0,1.0,1.0,0.0,1.0,1.0,1.0
2,10001560,8.252,8.252,1.0,0.0,1.0,1.0,0.0,1.0,1.0,1.0
2,10001570,8.236,8.236,1.0,0.0,1.0,1.0,0.0,1.0,1.0,1.0
2,10001580,8.22,8.22,1.0,0.0,1.0,1.0,0.0,1.0,1.0,1.0
2,10001590,8.204,8.206,1.0,0.0,1.0,1.0,0.0,1.0,1.0,1.0
2,1000160,8.924,8.93,1.0,0.0,1.0,1.0,0.0,1.0,1.0,1.0
2,10001600,8.19,8.19,1.0,0.0,1.0,1.0,0.0,1.0,1.0,1.0
2,10001610,8.172,8.172,1.0,0.0,1.0,1.0,0.0,1.0,1.0,1.0
2,10001620,8.154,8.152,1.0,0.0,1.0,1.0,0.0,1.0,1.0,1.0
2,10001630,8.134,8.136,1.0,0.0,1.0,1.0,0.0,1.0,1.0,1.0
2,10001640,8.12,8.12,1.0,0.0,1.0,1.0,0.0,1.0,1.0,1.0
2,10001650,8.102,8.102,0.0,1.0,0.0,0.0,0.0,1.0,1.0,1.0
2,10001660,8.086,8.086,0.0,1.0,0.0,0.0,0.0,1.0,1.0,1.0
2,10001670,8.296,8.294,0.0,1.0,0.0,0.0,0.0,1.0,1.0,1.0
2,10001680,8.528,8.524,0.0,1.0,0.0,0.0,0.0,1.0,1.0,1.0
2,10001690,8.736,8.732,0.0,1.0,0.0,0.0,0.0,1.0,1.0,1.0
2,1000170,8.916,8.918,1.0,0.0,1.0,1.0,0.0,1.0,1.0,1.0
2,10001700,8.812,8.81,0.0,1.0,1.0,0.0,0.0,1.0,1.0,1.0
2,10001710,9.022,9.02,0.0,1.0,1.0,0.0,0.0,1.0,1.0,1.0
2,10001720,9.208,9.204,0.0,1.0,1.0,0.0,0.0,1.0,1.0,1.0
2,10001730,9.388,9.384,0.0,1.0,1.0,0.0,0.0,1.0,1.0,1.0
2,10001740,9.558,9.554,0.0,1.0,1.0,0.0,0.0,1.0,1.0,1.0
2,10001750,9.722,9.718,0.0,1.0,1.0,0.0,0.0,1.0,1.0,1.0
2,10001760,9.742,9.736,0.0,1.0,0.0,0.0,0.0,1.0,1.0,1.0
2,10001770,9.9,9.896,0.0,1.0,0.0,0.0,0.0,1.0,1.0,1.0
2,10001780,10.05,10.046,0.0,1.0,0.0,0.0,0.0,1.0,1.0,1.0
2,10001790,10.192,10.19,1.0,0.0,1.0,1.0,0.0,0.0,1.0,1.0
2,1000180,8.91,8.912,1.0,0.0,1.0,1.0,0.0,1.0,1.0,1.0
2,10001800,10.124,10.122,1.0,0.0,1.0,1.0,0.0,1.0,1.0,1.0
2,10001810,10.028,10.024,1.0,0.0,1.0,1.0,0.0,1.0,1.0,1.0
2,10001820,9.954,9.952,1.0,0.0,1.0,1.0,0.0,1.0,1.0,1.0
2,10001830,9.92,9.914,1.0,0.0,1.0,1.0,0.0,1.0,1.0,1.0
2,10001840,9.89,9.886,1.0,0.0,1.0,1.0,0.0,1.0,1.0,1.0
2,10001850,9.86,9.858,1.0,0.0,1.0,1.0,0.0,1.0,1.0,1.0
2,10001860,9.818,9.818,1.0,0.0,1.0,1.0,0.0,1.0,1.0,1.0
2,10001870,9.792,9.788,1.0,0.0,1.0,1.0,0.0,1.0,1.0,1.0
2,10001880,9.768,9.766,1.0,0.0,1.0,1.0,0.0,1.0,1.0,1.0
2,10001890,9.742,9.74,1.0,0.0,1.0,1.0,0.0,1.0,1.0,1.0
2,1000190,8.9,8.904,1.0,0.0,1.0,1.0,0.0,1.0,1.0,1.0
2,10001900,9.718,9.714,1.0,0.0,1.0,1.0,0.0,1.0,1.0,1.0
2,10001910,9.686,9.684,1.0,0.0,1.0,1.0,0.0,1.0,1.0,1.0
2,10001920,9.666,9.662,1.0,0.0,1.0,1.0,0.0,1.0,1.0,1.0
2,10001930,9.644,9.644,1.0,0.0,1.0,1.0,0.0,1.0,1.0,1.0
2,10001940,9.622,9.62,1.0,0.0,1.0,1.0,0.0,1.0,1.0,1.0
2,10001950,9.59,9.59,1.0,0.0,1.0,1.0,0.0,1.0,1.0,1.0
2,10001960,9.552,9.55,1.0,0.0,1.0,1.0,0.0,1.0,1.0,1.0
2,10001970,9.526,9.524,1.0,0.0,1.0,1.0,0.0,1.0,1.0,1.0
2,10001980,9.506,9.504,1.0,0.0,1.0,1.0,0.0,1.0,1.0,1.0
2,10001990,9.486,9.486,1.0,0.0,1.0,1.0,0.0,1.0,1.0,1.0
3,100020,9.11,9.116,1.0,0.0,1.0,1.0,0.0,1.0,1.0,1.0
3,1000200,8.892,8.896,1.0,0.0,1.0,1.0,0.0,1.0,1.0,1.0
3,10002000,9.466,9.466,1.0,0.0,1.0,1.0,0.0,1.0,1.0,1.0
3,10002010,9.436,9.438,1.0,0.0,1.0,1.0,0.0,1.0,1.0,1.0
3,10002020,9.42,9.42,1.0,0.0,1.0,1.0,0.0,1.0,1.0,1.0
3,10002030,9.402,9.4,1.0,0.0,1.0,1.0,0.0,1.0,1.0,1.0
3,10002040,9.37,9.372,1.0,0.0,1.0,1.0,0.0,1.0,1.0,1.0
3,10002050,9.34,9.342,1.0,0.0,1.0,1.0,0.0,1.0,1.0,1.0
3,10002060,9.296,9.296,1.0,0.0,1.0,1.0,0.0,1.0,1.0,1.0
3,10002070,9.28,9.28,1.0,0.0,1.0,1.0,0.0,1.0,1.0,1.0
3,10002080,9.262,9.262,1.0,0.0,1.0,1.0,0.0,1.0,1.0,1.0
3,10002090,9.242,9.244,1.0,0.0,1.0,1.0,0.0,1.0,1.0,1.0
3,1000210,8.888,8.892,1.0,0.0,1.0,1.0,0.0,1.0,1.0,1.0
3,10002100,9.226,9.228,1.0,0.0,1.0,1.0,0.0,1.0,1.0,1.0
3,10002110,9.208,9.208,1.0,0.0,1.0,1.0,0.0,1.0,1.0,1.0
3,10002120,9.192,9.192,1.0,0.0,1.0,1.0,0.0,1.0,1.0,1.0
3,10002130,9.17,9.17,1.0,0.0,1.0,1.0,0.0,1.0,1.0,1.0
3,10002140,9.148,9.148,1.0,0.0,1.0,1.0,0.0,1.0,1.0,1.0
3,10002150,9.13,9.13,1.0,0.0,1.0,1.0,0.0,1.0,1.0,1.0
3,10002160,9.09,9.09,1.0,0.0,1.0,1.0,0.0,1.0,1.0,1.0
3,10002170,9.066,9.064,1.0,0.0,1.0,1.0,0.0,1.0,1.0,1.0
3,10002180,9.048,9.048,1.0,0.0,1.0,1.0,0.0,1.0,1.0,1.0
3,10002190,9.032,9.032,1.0,0.0,1.0,1.0,0.0,1.0,1.0,1.0
3,1000220,8.88,8.884,1.0,0.0,1.0,1.0,0.0,1.0,1.0,1.0
3,10002200,9.016,9.016,1.0,0.0,1.0,1.0,0.0,1.0,1.0,1.0
3,10002210,8.996,8.998,1.0,0.0,1.0,1.0,0.0,1.0,1.0,1.0
3,10002220,8.982,8.982,1.0,0.0,1.0,1.0,0.0,1.0,1.0,1.0
3,10002230,8.964,8.962,1.0,0.0,1.0,1.0,0.0,1.0,1.0,1.0
3,10002240,8.946,8.944,1.0,0.0,1.0,1.0,0.0,1.0,1.0,1.0
3,10002250,8.928,8.928,1.0,0.0,1.0,1.0,0.0,1.0,1.0,1.0
3,10002260,8.91,8.91,1.0,0.0,1.0,1.0,0.0,1.0,1.0,1.0
3,10002270,8.782,8.782,1.0,0.0,1.0,1.0,0.0,1.0,1.0,1.0
3,10002280,8.758,8.758,1.0,0.0,1.0,1.0,0.0,1.0,1.0,1.0
3,10002290,8.744,8.746,1.0,0.0,1.0,1.0,0.0,1.0,1.0,1.0
3,1000230,8.874,8.878,1.0,0.0,1.0,1.0,0.0,1.0,1.0,1.0
3,10002300,8.716,8.716,1.0,0.0,1.0,1.0,0.0,1.0,1.0,1.0
3,10002310,8.694,8.692,1.0,0.0,1.0,1.0,0.0,1.0,1.0,1.0
3,10002320,8.68,8.68,1.0,0.0,1.0,1.0,0.0,1.0,1.0,1.0
3,10002330,8.662,8.664,1.0,0.0,1.0,1.0,0.0,1.0,1.0,1.0
3,10002340,8.65,8.652,1.0,0.0,1.0,1.0,0.0,1.0,1.0,1.0
3,10002350,8.588,8.59,1.0,0.0,1.0,1.0,0.0,1.0,1.0,1.0
3,10002360,8.57,8.57,1.0,0.0,1.0,1.0,0.0,1.0,1.0,1.0
3,10002370,8.556,8.558,1.0,0.0,1.0,1.0,0.0,1.0,1.0,1.0
3,10002380,8.544,8.544,1.0,0.0,1.0,1.0,0.0,1.0,1.0,1.0
3,10002390,8.528,8.53,1.0,0.0,1.0,1.0,0.0,1.0,1.0,1.0
3,1000240,8.868,8.87,1.0,0.0,1.0,1.0,0.0,1.0,1.0,1.0
3,10002400,8.51,8.512,1.0,0.0,1.0,1.0,0.0,1.0,1.0,1.0
3,10002410,8.496,8.498,1.0,0.0,1.0,1.0,0.0,1.0,1.0,1.0
3,10002420,8.48,8.48,1.0,0.0,1.0,1.0,0.0,1.0,1.0,1.0
3,10002430,8.464,8.466,1.0,0.0,1.0,1.0,0.0,1.0,1.0,1.0
3,10002440,8.448,8.45,1.0,0.0,1.0,1.0,0.0,1.0,1.0,1.0
3,10002450,8.422,8.422,1.0,0.0,1.0,1.0,0.0,1.0,1.0,1.0
3,10002460,8.404,8.404,1.0,0.0,1.0,1.0,0.0,1.0,1.0,1.0
3,10002470,8.39,8.39,1.0,0.0,1.0,1.0,0.0,1.0,1.0,1.0
3,10002480,8.374,8.374,1.0,0.0,1.0,1.0,0.0,1.0,1.0,1.0
3,10002490,8.356,8.356,1.0,0.0,1.0,1.0,0.0,1.0,1.0,1.0
3,1000250,8.86,8.862,1.0,0.0,1.0,1.0,0.0,1.0,1.0,1.0
3,10002500,8.336,8.336,1.0,0.0,1.0,1.0,0.0,1.0,1.0,1.0
3,10002510,8.322,8.32,1.0,0.0,1.0,1.0,0.0,1.0,1.0,1.0
3,10002520,8.308,8.308,1.0,0.0,1.0,1.0,0.0,1.0,1.0,1.0
3,10002530,8.292,8.294,1.0,0.0,1.0,1.0,0.0,1.0,1.0,1.0
3,10002540,8.276,8.278,1.0,0.0,1.0,1.0,0.0,1.0,1.0,1.0
3,10002550,8.262,8.264,1.0,0.0,1.0,1.0,0.0,1.0,1.0,1.0
3,10002560,8.244,8.246,1.0,0.0,1.0,1.0,0.0,1.0,1.0,1.0
3,10002570,8.232,8.232,1.0,0.0,1.0,1.0,0.0,1.0,1.0,1.0
3,10002580,8.218,8.218,1.0,0.0,1.0,1.0,0.0,1.0,1.0,1.0
3,10002590,8.204,8.204,1.0,0.0,1.0,1.0,0.0,1.0,1.0,1.0
3,1000260,8.854,8.854,1.0,0.0,1.0,1.0,0.0,1.0,1.0,1.0
3,10002600,8.186,8.186,1.0,0.0,1.0,1.0,0.0,1.0,1.0,1.0
3,10002610,8.17,8.168,1.0,0.0,1.0,1.0,0.0,1.0,1.0,1.0
3,10002620,8.152,8.152,1.0,0.0,1.0,1.0,0.0,1.0,1.0,1.0
3,10002630,8.138,8.138,1.0,0.0,1.0,1.0,0.0,1.0,1.0,1.0
3,10002640,8.124,8.124,1.0,0.0,1.0,1.0,0.0,1.0,1.0,1.0
3,10002650,8.11,8.112,1.0,0.0,1.0,1.0,0.0,1.0,1.0,1.0
3,10002660,8.092,8.094,0.0,1.0,0.0,0.0,0.0,1.0,1.0,1.0
3,10002670,8.104,8.102,0.0,1.0,0.0,0.0,0.0,1.0,1.0,1.0
3,10002680,8.324,8.32,0.0,1.0,1.0,0.0,0.0,1.0,1.0,1.0
3,10002690,8.458,8.454,0.0,1.0,1.0,0.0,0.0,1.0,1.0,1.0
3,1000270,8.83,8.834,1.0,0.0,1.0,1.0,0.0,1.0,1.0,1.0
3,10002700,8.674,8.67,0.0,1.0,1.0,0.0,0.0,1.0,1.0,1.0
3,10002710,8.854,8.848,0.0,1.0,1.0,0.0,0.0,1.0,1.0,1.0
3,10002720,9.05,9.046,0.0,1.0,1.0,0.0,0.0,1.0,1.0,1.0
3,10002730,9.248,9.246,0.0,1.0,1.0,0.0,0.0,1.0,1.0,1.0
3,10002740,9.304,9.302,0.0,1.0,1.0,0.0,0.0,1.0,1.0,1.0
3,10002750,9.254,9.25,0.0,1.0,0.0,0.0,0.0,1.0,1.0,1.0
3,10002760,9.306,9.3,0.0,1.0,0.0,0.0,0.0,1.0,1.0,1.0
3,10002770,9.502,9.496,0.0,1.0,0.0,0.0,0.0,1.0,1.0,1.0
3,10002780,9.67,9.664,0.0,1.0,0.0,0.0,0.0,1.0,1.0,1.0
3,10002790,9.832,9.826,0.0,1.0,0.0,0.0,0.0,1.0,1.0,1.0
3,1000280,8.828,8.83,1.0,0.0,1.0,1.0,0.0,1.0,1.0,1.0
3,10002800,9.998,9.99,0.0,1.0,0.0,0.0,0.0,1.0,1.0,1.0
3,10002810,10.024,10.02,0.0,1.0,1.0,0.0,0.0,1.0,1.0,1.0
3,10002820,10.182,10.176,0.0,1.0,1.0,0.0,0.0,1.0,1.0,1.0
3,10002830,10.142,10.138,1.0,0.0,1.0,1.0,0.0,1.0,1.0,1.0
3,10002840,10.094,10.088,1.0,0.0,1.0,1.0,0.0,1.0,1.0,1.0
3,10002850,10.054,10.05,1.0,0.0,1.0,1.0,0.0,1.0,1.0,1.0
3,10002860,10.016,10.012,1.0,0.0,1.0,1.0,0.0,1.0,1.0,1.0
3,10002870,9.984,9.98,1.0,0.0,1.0,1.0,0.0,1.0,1.0,1.0
3,10002880,9.954,9.952,1.0,0.0,1.0,1.0,0.0,1.0,1.0,1.0
3,10002890,9.924,9.92,1.0,0.0,1.0,1.0,0.0,1.0,1.0,1.0
3,1000290,8.82,8.822,1.0,0.0,1.0,1.0,0.0,1.0,1.0,1.0
3,10002900,9.9,9.894,1.0,0.0,1.0,1.0,0.0,1.0,1.0,1.0
3,10002910,9.872,9.868,1.0,0.0,1.0,1.0,0.0,1.0,1.0,1.0
3,10002920,9.848,9.846,1.0,0.0,1.0,1.0,0.0,1.0,1.0,1.0
3,10002930,9.82,9.818,1.0,0.0,1.0,1.0,0.0,1.0,1.0,1.0
3,10002940,9.798,9.794,1.0,0.0,1.0,1.0,0.0,1.0,1.0,1.0
3,10002950,9.776,9.772,1.0,0.0,1.0,1.0,0.0,1.0,1.0,1.0
3,10002960,9.752,9.75,1.0,0.0,1.0,1.0,0.0,1.0,1.0,1.0
3,10002970,9.73,9.728,1.0,0.0,1.0,1.0,0.0,1.0,1.0,1.0
3,10002980,9.708,9.706,1.0,0.0,1.0,1.0,0.0,1.0,1.0,1.0
3,10002990,9.688,9.684,1.0,0.0,1.0,1.0,0.0,1.0,1.0,1.0
4,100030,9.09,9.094,1.0,0.0,1.0,1.0,0.0,1.0,1.0,1.0
4,1000300,8.812,8.816,1.0,0.0,1.0,1.0,0.0,1.0,1.0,1.0
4,10003000,9.666,9.664,1.0,0.0,1.0,1.0,0.0,1.0,1.0,1.0
4,10003010,9.646,9.644,1.0,0.0,1.0,1.0,0.0,1.0,1.0,1.0
4,10003020,9.624,9.622,1.0,0.0,1.0,1.0,0.0,1.0,1.0,1.0
4,10003030,9.606,9.604,1.0,0.0,1.0,1.0,0.0,1.0,1.0,1.0
4,10003040,9.584,9.584,1.0,0.0,1.0,1.0,0.0,1.0,1.0,1.0
4,10003050,9.566,9.564,1.0,0.0,1.0,1.0,0.0,1.0,1.0,1.0
4,10003060,9.546,9.544,1.0,0.0,1.0,1.0,0.0,1.0,1.0,1.0
4,10003070,9.528,9.526,1.0,0.0,1.0,1.0,0.0,1.0,1.0,1.0
4,10003080,9.51,9.51,1.0,0.0,1.0,1.0,0.0,1.0,1.0,1.0
4,10003090,9.49,9.488,1.0,0.0,1.0,1.0,0.0,1.0,1.0,1.0
4,1000310,8.806,8.812,1.0,0.0,1.0,1.0,0.0,1.0,1.0,1.0
4,10003100,9.47,9.468,1.0,0.0,1.0,1.0,0.0,1.0,1.0,1.0
4,10003110,9.452,9.452,1.0,0.0,1.0,1.0,0.0,1.0,1.0,1.0
4,10003120,9.434,9.434,1.0,0.0,1.0,1.0,0.0,1.0,1.0,1.0
4,10003130,9.414,9.412,1.0,0.0,1.0,1.0,0.0,1.0,1.0,1.0
4,10003140,9.396,9.396,1.0,0.0,1.0,1.0,0.0,1.0,1.0,1.0
4,10003150,9.376,9.376,1.0,0.0,1.0,1.0,0.0,1.0,1.0,1.0
4,10003160,9.358,9.36,1.0,0.0,1.0,1.0,0.0,1.0,1.0,1.0
4,10003170,9.34,9.338,1.0,0.0,1.0,1.0,0.0,1.0,1.0,1.0
4,10003180,9.322,9.322,1.0,0.0,1.0,1.0,0.0,1.0,1.0,1.0
4,10003190,9.304,9.306,1.0,0.0,1.0,1.0,0.0,1.0,1.0,1.0
4,1000320,8.8,8.804,1.0,0.0,1.0,1.0,0.0,1.0,1.0,1.0
4,10003200,9.286,9.286,1.0,0.0,1.0,1.0,0.0,1.0,1.0,1.0
4,10003210,9.266,9.266,1.0,0.0,1.0,1.0,0.0,1.0,1.0,1.0
4,10003220,9.248,9.248,1.0,0.0,1.0,1.0,0.0,1.0,1.0,1.0
4,10003230,9.234,9.232,1.0,0.0,1.0,1.0,0.0,1.0,1.0,1.0
4,10003240,9.212,9.212,1.0,0.0,1.0,1.0,0.0,1.0,1.0,1.0
4,10003250,9.196,9.196,1.0,0.0,1.0,1.0,0.0,1.0,1.0,1.0
4,10003260,9.178,9.178,1.0,0.0,1.0,1.0,0.0,1.0,1.0,1.0
4,10003270,9.158,9.16,1.0,0.0,1.0,1.0,0.0,1.0,1.0,1.0
4,10003280,9.14,9.142,1.0,0.0,1.0,1.0,0.0,1.0,1.0,1.0
4,10003290,9.122,9.124,1.0,0.0,1.0,1.0,0.0,1.0,1.0,1.0
4,1000330,8.792,8.798,1.0,0.0,1.0,1.0,0.0,1.0,1.0,1.0
4,10003300,9.106,9.104,1.0,0.0,1.0,1.0,0.0,1.0,1.0,1.0
4,10003310,9.088,9.086,1.0,0.0,1.0,1.0,0.0,1.0,1.0,1.0
4,10003320,9.068,9.07,1.0,0.0,1.0,1.0,0.0,1.0,1.0,1.0
4,10003330,9.05,9.05,1.0,0.0,1.0,1.0,0.0,1.0,1.0,1.0
4,10003340,9.034,9.034,1.0,0.0,1.0,1.0,0.0,1.0,1.0,1.0
4,10003350,9.018,9.018,1.0,0.0,1.0,1.0,0.0,1.0,1.0,1.0
4,10003360,8.998,9.0,1.0,0.0,1.0,1.0,0.0,1.0,1.0,1.0
4,10003370,8.98,8.98,1.0,0.0,1.0,1.0,0.0,1.0,1.0,1.0
4,10003380,8.964,8.964,1.0,0.0,1.0,1.0,0.0,1.0,1.0,1.0
4,10003390,8.948,8.946,1.0,0.0,1.0,1.0,0.0,1.0,1.0,1.0
4,1000340,8.786,8.79,1.0,0.0,1.0,1.0,0.0,1.0,1.0,1.0
4,10003400,8.928,8.928,1.0,0.0,1.0,1.0,0.0,1.0,1.0,1.0
4,10003410,8.912,8.914,1.0,0.0,1.0,1.0,0.0,1.0,1.0,1.0
4,10003420,8.802,8.802,1.0,0.0,1.0,1.0,0.0,1.0,1.0,1.0
4,10003430,8.666,8.668,1.0,0.0,1.0,1.0,0.0,1.0,1.0,1.0
4,10003440,8.66,8.662,1.0,0.0,1.0,1.0,0.0,1.0,1.0,1.0
4,10003450,8.65,8.652,1.0,0.0,1.0,1.0,0.0,1.0,1.0,1.0
4,10003460,8.64,8.64,1.0,0.0,1.0,1.0,0.0,1.0,1.0,1.0
4,10003470,8.626,8.626,1.0,0.0,1.0,1.0,0.0,1.0,1.0,1.0
4,10003480,8.608,8.61,1.0,0.0,1.0,1.0,0.0,1.0,1.0,1.0
4,10003490,8.596,8.596,1.0,0.0,1.0,1.0,0.0,1.0,1.0,1.0
4,1000350,8.778,8.784,1.0,0.0,1.0,1.0,0.0,1.0,1.0,1.0
4,10003500,8.582,8.582,1.0,0.0,1.0,1.0,0.0,1.0,1.0,1.0
4,10003510,8.568,8.568,1.0,0.0,1.0,1.0,0.0,1.0,1.0,1.0
4,10003520,8.554,8.556,1.0,0.0,1.0,1.0,0.0,1.0,1.0,1.0
4,10003530,8.538,8.54,1.0,0.0,1.0,1.0,0.0,1.0,1.0,1.0
4,10003540,8.522,8.524,1.0,0.0,1.0,1.0,0.0,1.0,1.0,1.0
4,10003550,8.458,8.458,1.0,0.0,1.0,1.0,0.0,1.0,1.0,1.0
4,10003560,8.27,8.27,1.0,0.0,1.0,1.0,0.0,1.0,1.0,1.0
4,10003570,8.21,8.212,1.0,0.0,1.0,1.0,0.0,1.0,1.0,1.0
4,10003580,8.206,8.206,1.0,0.0,1.0,1.0,0.0,1.0,1.0,1.0
4,10003590,8.196,8.198,1.0,0.0,1.0,1.0,0.0,1.0,1.0,1.0
4,1000360,8.774,8.778,1.0,0.0,1.0,1.0,0.0,1.0,1.0,1.0
4,10003600,8.08,8.082,0.0,1.0,1.0,0.0,0.0,1.0,1.0,1.0
4,10003610,7.994,7.996,0.0,1.0,1.0,0.0,0.0,1.0,1.0,1.0
4,10003620,8.18,8.178,0.0,1.0,1.0,0.0,0.0,1.0,1.0,1.0
4,10003630,8.44,8.44,0.0,1.0,1.0,0.0,0.0,1.0,1.0,1.0
4,10003640,8.664,8.662,0.0,1.0,1.0,0.0,0.0,1.0,1.0,1.0
4,10003650,8.73,8.726,0.0,1.0,0.0,0.0,0.0,1.0,1.0,1.0
4,10003660,8.952,8.948,0.0,1.0,0.0,0.0,0.0,1.0,1.0,1.0
4,10003670,9.142,9.138,0.0,1.0,0.0,0.0,0.0,1.0,1.0,1.0
4,10003680,9.32,9.316,0.0,1.0,0.0,0.0,0.0,1.0,1.0,1.0
4,10003690,9.492,9.488,0.0,1.0,0.0,0.0,0.0,1.0,1.0,1.0
4,1000370,8.722,8.726,1.0,0.0,1.0,1.0,0.0,1.0,1.0,1.0
4,10003700,9.528,9.524,1.0,0.0,1.0,1.0,0.0,0.0,1.0,1.0
4,10003710,9.362,9.36,0.0,1.0,1.0,0.0,0.0,1.0,1.0,1.0
4,10003720,9.328,9.324,0.0,1.0,1.0,0.0,0.0,1.0,1.0,1.0
4,10003730,9.332,9.33,0.0,1.0,1.0,0.0,0.0,1.0,1.0,1.0
4,10003740,9.526,9.522,0.0,1.0,1.0,0.0,0.0,1.0,1.0,1.0
4,10003750,9.704,9.702,0.0,1.0,1.0,0.0,0.0,1.0,1.0,1.0
4,10003760,9.892,9.888,0.0,1.0,1.0,0.0,0.0,1.0,1.0,1.0
4,10003770,9.902,9.898,0.0,1.0,0.0,0.0,0.0,1.0,1.0,1.0
4,10003780,10.064,10.06,0.0,1.0,0.0,0.0,0.0,1.0,1.0,1.0
4,10003790,10.18,10.178,1.0,0.0,1.0,1.0,0.0,1.0,1.0,1.0
4,1000380,8.718,8.722,1.0,0.0,1.0,1.0,0.0,1.0,1.0,1.0
4,10003800,10.134,10.132,1.0,0.0,1.0,1.0,0.0,1.0,1.0,1.0
4,10003810,10.094,10.09,1.0,0.0,1.0,1.0,0.0,1.0,1.0,1.0
4,10003820,10.058,10.054,1.0,0.0,1.0,1.0,0.0,1.0,1.0,1.0
4,10003830,10.02,10.018,1.0,0.0,1.0,1.0,0.0,1.0,1.0,1.0
4,10003840,9.994,9.99,1.0,0.0,1.0,1.0,0.0,1.0,1.0,1.0
4,10003850,9.962,9.958,1.0,0.0,1.0,1.0,0.0,1.0,1.0,1.0
4,10003860,9.936,9.934,1.0,0.0,1.0,1.0,0.0,1.0,1.0,1.0
4,10003870,9.91,9.908,1.0,0.0,1.0,1.0,0.0,1.0,1.0,1.0
4,10003880,9.886,9.884,1.0,0.0,1.0,1.0,0.0,1.0,1.0,1.0
4,10003890,9.864,9.86,1.0,0.0,1.0,1.0,0.0,1.0,1.0,1.0
4,1000390,8.712,8.716,1.0,0.0,1.0,1.0,0.0,1.0,1.0,1.0
4,10003900,9.838,9.838,1.0,0.0,1.0,1.0,0.0,1.0,1.0,1.0
4,10003910,9.818,9.816,1.0,0.0,1.0,1.0,0.0,1.0,1.0,1.0
4,10003920,9.796,9.794,1.0,0.0,1.0,1.0,0.0,1.0,1.0,1.0
4,10003930,9.774,9.772,1.0,0.0,1.0,1.0,0.0,1.0,1.0,1.0
4,10003940,9.752,9.752,1.0,0.0,1.0,1.0,0.0,1.0,1.0,1.0
4,10003950,9.732,9.732,1.0,0.0,1.0,1.0,0.0,1.0,1.0,1.0
4,10003960,9.714,9.712,1.0,0.0,1.0,1.0,0.0,1.0,1.0,1.0
4,10003970,9.692,9.694,1.0,0.0,1.0,1.0,0.0,1.0,1.0,1.0
4,10003980,9.67,9.67,1.0,0.0,1.0,1.0,0.0,1.0,1.0,1.0
4,10003990,9.65,9.65,1.0,0.0,1.0,1.0,0.0,1.0,1.0,1.0
5,100040,9.064,9.068,1.0,0.0,1.0,1.0,0.0,1.0,1.0,1.0
5,1000400,8.708,8.712,1.0,0.0,1.0,1.0,0.0,1.0,1.0,1.0
5,10004000,9.63,9.628,1.0,0.0,1.0,1.0,0.0,1.0,1.0,1.0
5,10004010,9.61,9.608,1.0,0.0,1.0,1.0,0.0,1.0,1.0,1.0
5,10004020,9.592,9.59,1.0,0.0,1.0,1.0,0.0,1.0,1.0,1.0
5,10004030,9.572,9.572,1.0,0.0,1.0,1.0,0.0,1.0,1.0,1.0
5,10004040,9.544,9.544,1.0,0.0,1.0,1.0,0.0,1.0,1.0,1.0
5,10004050,9.524,9.524,1.0,0.0,1.0,1.0,0.0,1.0,1.0,1.0
5,10004060,9.506,9.506,1.0,0.0,1.0,1.0,0.0,1.0,1.0,1.0
5,10004070,9.486,9.486,1.0,0.0,1.0,1.0,0.0,1.0,1.0,1.0
5,10004080,9.468,9.466,1.0,0.0,1.0,1.0,0.0,1.0,1.0,1.0
5,10004090,9.448,9.448,1.0,0.0,1.0,1.0,0.0,1.0,1.0,1.0
5,1000410,8.702,8.706,1.0,0.0,1.0,1.0,0.0,1.0,1.0,1.0
5,10004100,9.432,9.432,1.0,0.0,1.0,1.0,0.0,1.0,1.0,1.0
5,10004110,9.41,9.412,1.0,0.0,1.0,1.0,0.0,1.0,1.0,1.0
5,10004120,9.394,9.396,1.0,0.0,1.0,1.0,0.0,1.0,1.0,1.0
5,10004130,9.376,9.38,1.0,0.0,1.0,1.0,0.0,1.0,1.0,1.0
5,10004140,9.358,9.362,1.0,0.0,1.0,1.0,0.0,1.0,1.0,1.0
5,10004150,9.342,9.342,1.0,0.0,1.0,1.0,0.0,1.0,1.0,1.0
5,10004160,9.324,9.326,1.0,0.0,1.0,1.0,0.0,1.0,1.0,1.0
5,10004170,9.308,9.308,1.0,0.0,1.0,1.0,0.0,1.0,1.0,1.0
5,10004180,9.29,9.29,1.0,0.0,1.0,1.0,0.0,1.0,1.0,1.0
5,10004190,9.272,9.272,1.0,0.0,1.0,1.0,0.0,1.0,1.0,1.0
5,1000420,8.69,8.694,1.0,0.0,1.0,1.0,0.0,1.0,1.0,1.0
5,10004200,9.218,9.22,1.0,0.0,1.0,1.0,0.0,1.0,1.0,1.0
5,10004210,9.172,9.176,1.0,0.0,1.0,1.0,0.0,1.0,1.0,1.0
5,10004220,9.158,9.16,1.0,0.0,1.0,1.0,0.0,1.0,1.0,1.0
5,10004230,9.142,9.142,1.0,0.0,1.0,1.0,0.0,1.0,1.0,1.0
5,10004240,9.12,9.12,1.0,0.0,1.0,1.0,0.0,1.0,1.0,1.0
5,10004250,9.094,9.096,1.0,0.0,1.0,1.0,0.0,1.0,1.0,1.0
5,10004260,9.078,9.08,1.0,0.0,1.0,1.0,0.0,1.0,1.0,1.0
5,10004270,9.064,9.064,1.0,0.0,1.0,1.0,0.0,1.0,1.0,1.0
5,10004280,9.046,9.046,1.0,0.0,1.0,1.0,0.0,1.0,1.0,1.0
5,10004290,8.99,8.99,1.0,0.0,1.0,1.0,0.0,1.0,1.0,1.0
5,1000430,8.68,8.684,1.0,0.0,1.0,1.0,0.0,1.0,1.0,1.0
5,10004300,8.976,8.974,1.0,0.0,1.0,1.0,0.0,1.0,1.0,1.0
5,10004310,8.958,8.958,1.0,0.0,1.0,1.0,0.0,1.0,1.0,1.0
5,10004320,8.942,8.944,1.0,0.0,1.0,1.0,0.0,1.0,1.0,1.0
5,10004330,8.908,8.908,1.0,0.0,1.0,1.0,0.0,1.0,1.0,1.0
5,10004340,8.896,8.894,1.0,0.0,1.0,1.0,0.0,1.0,1.0,1.0
5,10004350,8.878,8.878,1.0,0.0,1.0,1.0,0.0,1.0,1.0,1.0
5,10004360,8.862,8.862,1.0,0.0,1.0,1.0,0.0,1.0,1.0,1.0
5,10004370,8.848,8.848,1.0,0.0,1.0,1.0,0.0,1.0,1.0,1.0
5,10004380,8.828,8.83,1.0,0.0,1.0,1.0,0.0,1.0,1.0,1.0
5,10004390,8.812,8.814,1.0,0.0,1.0,1.0,0.0,1.0,1.0,1.0
5,1000440,8.674,8.678,1.0,0.0,1.0,1.0,0.0,1.0,1.0,1.0
5,10004400,8.798,8.8,1.0,0.0,1.0,1.0,0.0,1.0,1.0,1.0
5,10004410,8.66,8.662,1.0,0.0,1.0,1.0,0.0,1.0,1.0,1.0
5,10004420,8.642,8.642,1.0,0.0,1.0,1.0,0.0,1.0,1.0,1.0
5,10004430,8.628,8.63,1.0,0.0,1.0,1.0,0.0,1.0,1.0,1.0
5,10004440,8.618,8.618,1.0,0.0,1.0,1.0,0.0,1.0,1.0,1.0
5,10004450,8.602,8.604,1.0,0.0,1.0,1.0,0.0,1.0,1.0,1.0
5,10004460,8.59,8.59,1.0,0.0,1.0,1.0,0.0,1.0,1.0,1.0
5,10004470,8.576,8.578,1.0,0.0,1.0,1.0,0.0,1.0,1.0,1.0
5,10004480,8.562,8.562,1.0,0.0,1.0,1.0,0.0,1.0,1.0,1.0
5,10004490,8.546,8.548,1.0,0.0,1.0,1.0,0.0,1.0,1.0,1.0
5,1000450,8.668,8.67,1.0,0.0,1.0,1.0,0.0,1.0,1.0,1.0
5,10004500,8.532,8.534,1.0,0.0,1.0,1.0,0.0,1.0,1.0,1.0
5,10004510,8.514,8.516,1.0,0.0,1.0,1.0,0.0,1.0,1.0,1.0
5,10004520,8.502,8.502,1.0,0.0,1.0,1.0,0.0,1.0,1.0,1.0
5,10004530,8.486,8.488,1.0,0.0,1.0,1.0,0.0,1.0,1.0,1.0
5,10004540,8.472,8.474,1.0,0.0,1.0,1.0,0.0,1.0,1.0,1.0
5,10004550,8.456,8.458,1.0,0.0,1.0,1.0,0.0,1.0,1.0,1.0
5,10004560,8.44,8.442,1.0,0.0,1.0,1.0,0.0,1.0,1.0,1.0
5,10004570,8.428,8.428,1.0,0.0,1.0,1.0,0.0,1.0,1.0,1.0
5,10004580,8.412,8.412,1.0,0.0,1.0,1.0,0.0,1.0,1.0,1.0
5,10004590,8.394,8.398,1.0,0.0,1.0,1.0,0.0,1.0,1.0,1.0
5,1000460,8.652,8.658,1.0,0.0,1.0,1.0,0.0,1.0,1.0,1.0
5,10004600,8.38,8.382,1.0,0.0,1.0,1.0,0.0,1.0,1.0,1.0
5,10004610,8.366,8.366,1.0,0.0,1.0,1.0,0.0,1.0,1.0,1.0
5,10004620,8.35,8.352,1.0,0.0,1.0,1.0,0.0,1.0,1.0,1.0
5,10004630,8.336,8.336,1.0,0.0,1.0,1.0,0.0,1.0,1.0,1.0
5,10004640,8.32,8.32,1.0,0.0,1.0,1.0,0.0,1.0,1.0,1.0
5,10004650,8.304,8.306,1.0,0.0,1.0,1.0,0.0,1.0,1.0,1.0
5,10004660,8.29,8.292,1.0,0.0,1.0,1.0,0.0,1.0,1.0,1.0
5,10004670,8.276,8.278,1.0,0.0,1.0,1.0,0.0,1.0,1.0,1.0
5,10004680,8.26,8.262,1.0,0.0,1.0,1.0,0.0,1.0,1.0,1.0
5,10004690,8.246,8.248,1.0,0.0,1.0,1.0,0.0,1.0,1.0,1.0
5,1000470,8.638,8.642,1.0,0.0,1.0,1.0,0.0,1.0,1.0,1.0
5,10004700,8.23,8.234,1.0,0.0,1.0,1.0,0.0,1.0,1.0,1.0
5,10004710,8.216,8.218,1.0,0.0,1.0,1.0,0.0,1.0,1.0,1.0
5,10004720,8.202,8.204,1.0,0.0,1.0,1.0,0.0,1.0,1.0,1.0
5,10004730,8.186,8.19,1.0,0.0,1.0,1.0,0.0,1.0,1.0,1.0
5,10004740,8.17,8.174,1.0,0.0,1.0,1.0,0.0,1.0,1.0,1.0
5,10004750,8.156,8.16,1.0,0.0,1.0,1.0,0.0,1.0,1.0,1.0
5,10004760,8.14,8.144,1.0,0.0,1.0,1.0,0.0,1.0,1.0,1.0
5,10004770,8.126,8.128,1.0,0.0,1.0,1.0,0.0,1.0,1.0,1.0
5,10004780,8.114,8.114,1.0,0.0,1.0,1.0,0.0,1.0,1.0,1.0
5,10004790,8.096,8.1,0.0,1.0,0.0,0.0,0.0,1.0,1.0,1.0
5,1000480,8.636,8.64,1.0,0.0,1.0,1.0,0.0,1.0,1.0,1.0
5,10004800,8.084,8.084,0.0,1.0,0.0,0.0,0.0,1.0,1.0,1.0
5,10004810,8.312,8.308,0.0,1.0,0.0,0.0,0.0,1.0,1.0,1.0
5,10004820,8.538,8.538,0.0,1.0,0.0,0.0,0.0,1.0,1.0,1.0
5,10004830,8.638,8.634,0.0,1.0,1.0,0.0,0.0,1.0,1.0,1.0
5,10004840,8.87,8.866,0.0,1.0,1.0,0.0,0.0,1.0,1.0,1.0
5,10004850,9.068,9.064,0.0,1.0,1.0,0.0,0.0,1.0,1.0,1.0
5,10004860,9.27,9.266,0.0,1.0,1.0,0.0,0.0,1.0,1.0,1.0
5,10004870,9.448,9.444,0.0,1.0,1.0,0.0,0.0,1.0,1.0,1.0
5,10004880,9.618,9.614,0.0,1.0,1.0,0.0,0.0,1.0,1.0,1.0
5,10004890,9.626,9.624,0.0,1.0,0.0,0.0,0.0,1.0,1.0,1.0
5,1000490,8.63,8.632,1.0,0.0,1.0,1.0,0.0,1.0,1.0,1.0
5,10004900,9.806,9.802,0.0,1.0,0.0,0.0,0.0,1.0,1.0,1.0
5,10004910,9.962,9.958,0.0,1.0,0.0,0.0,0.0,1.0,1.0,1.0
5,10004920,10.112,10.112,0.0,1.0,0.0,0.0,0.0,1.0,1.0,1.0
5,10004930,10.176,10.174,1.0,0.0,1.0,1.0,0.0,1.0,1.0,1.0
5,10004940,10.118,10.118,1.0,0.0,1.0,1.0,0.0,1.0,1.0,1.0
5,10004950,10.072,10.07,1.0,0.0,1.0,1.0,0.0,1.0,1.0,1.0
5,10004960,10.038,10.034,1.0,0.0,1.0,1.0,0.0,1.0,1.0,1.0
5,10004970,10.0,9.996,1.0,0.0,1.0,1.0,0.0,1.0,1.0,1.0
5,10004980,9.966,9.964,1.0,0.0,1.0,1.0,0.0,1.0,1.0,1.0
5,10004990,9.936,9.936,1.0,0.0,1.0,1.0,0.0,1.0,1.0,1.0
6,100050,9.05,9.054,1.0,0.0,1.0,1.0,0.0,1.0,1.0,1.0
6,1000500,8.626,8.628,1.0,0.0,1.0,1.0,0.0,1.0,1.0,1.0
6,10005000,9.906,9.906,1.0,0.0,1.0,1.0,0.0,1.0,1.0,1.0
6,10005010,9.882,9.88,1.0,0.0,1.0,1.0,0.0,1.0,1.0,1.0
6,10005020,9.856,9.856,1.0,0.0,1.0,1.0,0.0,1.0,1.0,1.0
6,10005030,9.83,9.828,1.0,0.0,1.0,1.0,0.0,1.0,1.0,1.0
6,10005040,9.806,9.806,1.0,0.0,1.0,1.0,0.0,1.0,1.0,1.0
6,10005050,9.786,9.786,1.0,0.0,1.0,1.0,0.0,1.0,1.0,1.0
6,10005060,9.76,9.762,1.0,0.0,1.0,1.0,0.0,1.0,1.0,1.0
6,10005070,9.74,9.742,1.0,0.0,1.0,1.0,0.0,1.0,1.0,1.0
6,10005080,9.72,9.72,1.0,0.0,1.0,1.0,0.0,1.0,1.0,1.0
6,10005090,9.698,9.698,1.0,0.0,1.0,1.0,0.0,1.0,1.0,1.0
6,1000510,8.616,8.62,1.0,0.0,1.0,1.0,0.0,1.0,1.0,1.0
6,10005100,9.678,9.678,1.0,0.0,1.0,1.0,0.0,1.0,1.0,1.0
6,10005110,9.656,9.656,1.0,0.0,1.0,1.0,0.0,1.0,1.0,1.0
6,10005120,9.636,9.638,1.0,0.0,1.0,1.0,0.0,1.0,1.0,1.0
6,10005130,9.616,9.618,1.0,0.0,1.0,1.0,0.0,1.0,1.0,1.0
6,10005140,9.596,9.598,1.0,0.0,1.0,1.0,0.0,1.0,1.0,1.0
6,10005150,9.578,9.58,1.0,0.0,1.0,1.0,0.0,1.0,1.0,1.0
6,10005160,9.558,9.56,1.0,0.0,1.0,1.0,0.0,1.0,1.0,1.0
6,10005170,9.538,9.54,1.0,0.0,1.0,1.0,0.0,1.0,1.0,1.0
6,10005180,9.518,9.52,1.0,0.0,1.0,1.0,0.0,1.0,1.0,1.0
6,10005190,9.5,9.502,1.0,0.0,1.0,1.0,0.0,1.0,1.0,1.0
6,1000520,8.548,8.552,1.0,0.0,1.0,1.0,0.0,1.0,1.0,1.0
6,10005200,9.48,9.48,1.0,0.0,1.0,1.0,0.0,1.0,1.0,1.0
6,10005210,9.462,9.466,1.0,0.0,1.0,1.0,0.0,1.0,1.0,1.0
6,10005220,9.442,9.442,1.0,0.0,1.0,1.0,0.0,1.0,1.0,1.0
6,10005230,9.422,9.424,1.0,0.0,1.0,1.0,0.0,1.0,1.0,1.0
6,10005240,9.404,9.408,1.0,0.0,1.0,1.0,0.0,1.0,1.0,1.0
6,10005250,9.386,9.386,1.0,0.0,1.0,1.0,0.0,1.0,1.0,1.0
6,10005260,9.366,9.368,1.0,0.0,1.0,1.0,0.0,1.0,1.0,1.0
6,10005270,9.35,9.352,1.0,0.0,1.0,1.0,0.0,1.0,1.0,1.0
6,10005280,9.332,9.332,1.0,0.0,1.0,1.0,0.0,1.0,1.0,1.0
6,10005290,9.31,9.312,1.0,0.0,1.0,1.0,0.0,1.0,1.0,1.0
6,1000530,8.538,8.542,1.0,0.0,1.0,1.0,0.0,1.0,1.0,1.0
6,10005300,9.296,9.296,1.0,0.0,1.0,1.0,0.0,1.0,1.0,1.0
6,10005310,9.276,9.278,1.0,0.0,1.0,1.0,0.0,1.0,1.0,1.0
6,10005320,9.26,9.26,1.0,0.0,1.0,1.0,0.0,1.0,1.0,1.0
6,10005330,9.242,9.242,1.0,0.0,1.0,1.0,0.0,1.0,1.0,1.0
6,10005340,9.226,9.226,1.0,0.0,1.0,1.0,0.0,1.0,1.0,1.0
6,10005350,9.208,9.208,1.0,0.0,1.0,1.0,0.0,1.0,1.0,1.0
6,10005360,9.188,9.19,1.0,0.0,1.0,1.0,0.0,1.0,1.0,1.0
6,10005370,9.172,9.172,1.0,0.0,1.0,1.0,0.0,1.0,1.0,1.0
6,10005380,9.154,9.154,1.0,0.0,1.0,1.0,0.0,1.0,1.0,1.0
6,10005390,9.134,9.136,1.0,0.0,1.0,1.0,0.0,1.0,1.0,1.0
6,1000540,8.534,8.54,1.0,0.0,1.0,1.0,0.0,1.0,1.0,1.0
6,10005400,9.118,9.118,1.0,0.0,1.0,1.0,0.0,1.0,1.0,1.0
6,10005410,9.1,9.1,1.0,0.0,1.0,1.0,0.0,1.0,1.0,1.0
6,10005420,9.084,9.082,1.0,0.0,1.0,1.0,0.0,1.0,1.0,1.0
6,10005430,9.064,9.064,1.0,0.0,1.0,1.0,0.0,1.0,1.0,1.0
6,10005440,9.048,9.046,1.0,0.0,1.0,1.0,0.0,1.0,1.0,1.0
6,10005450,9.028,9.028,1.0,0.0,1.0,1.0,0.0,1.0,1.0,1.0
6,10005460,9.012,9.012,1.0,0.0,1.0,1.0,0.0,1.0,1.0,1.0
6,10005470,8.996,8.996,1.0,0.0,1.0,1.0,0.0,1.0,1.0,1.0
6,10005480,8.976,8.976,1.0,0.0,1.0,1.0,0.0,1.0,1.0,1.0
6,10005490,8.958,8.96,1.0,0.0,1.0,1.0,0.0,1.0,1.0,1.0
6,1000550,8.53,8.534,1.0,0.0,1.0,1.0,0.0,1.0,1.0,1.0
6,10005500,8.94,8.94,1.0,0.0,1.0,1.0,0.0,1.0,1.0,1.0
6,10005510,8.922,8.924,1.0,0.0,1.0,1.0,0.0,1.0,1.0,1.0
6,10005520,8.906,8.906,1.0,0.0,1.0,1.0,0.0,1.0,1.0,1.0
6,10005530,8.89,8.89,1.0,0.0,1.0,1.0,0.0,1.0,1.0,1.0
6,10005540,8.872,8.872,1.0,0.0,1.0,1.0,0.0,1.0,1.0,1.0
6,10005550,8.854,8.854,1.0,0.0,1.0,1.0,0.0,1.0,1.0,1.0
6,10005560,8.838,8.838,1.0,0.0,1.0,1.0,0.0,1.0,1.0,1.0
6,10005570,8.82,8.82,1.0,0.0,1.0,1.0,0.0,1.0,1.0,1.0
6,10005580,8.802,8.804,1.0,0.0,1.0,1.0,0.0,1.0,1.0,1.0
6,10005590,8.788,8.788,1.0,0.0,1.0,1.0,0.0,1.0,1.0,1.0
6,1000560,8.522,8.526,1.0,0.0,1.0,1.0,0.0,1.0,1.0,1.0
6,10005600,8.768,8.77,1.0,0.0,1.0,1.0,0.0,1.0,1.0,1.0
6,10005610,8.752,8.754,1.0,0.0,1.0,1.0,0.0,1.0,1.0,1.0
6,10005620,8.736,8.736,1.0,0.0,1.0,1.0,0.0,1.0,1.0,1.0
6,10005630,8.718,8.72,1.0,0.0,1.0,1.0,0.0,1.0,1.0,1.0
6,10005640,8.702,8.702,1.0,0.0,1.0,1.0,0.0,1.0,1.0,1.0
6,10005650,8.686,8.684,1.0,0.0,1.0,1.0,0.0,1.0,1.0,1.0
6,10005660,8.67,8.67,1.0,0.0,1.0,1.0,0.0,1.0,1.0,1.0
6,10005670,8.654,8.654,1.0,0.0,1.0,1.0,0.0,1.0,1.0,1.0
6,10005680,8.638,8.64,1.0,0.0,1.0,1.0,0.0,1.0,1.0,1.0
6,10005690,8.62,8.62,1.0,0.0,1.0,1.0,0.0,1.0,1.0,1.0
6,1000570,8.516,8.52,1.0,0.0,1.0,1.0,0.0,1.0,1.0,1.0
6,10005700,8.604,8.606,1.0,0.0,1.0,1.0,0.0,1.0,1.0,1.0
6,10005710,8.588,8.588,1.0,0.0,1.0,1.0,0.0,1.0,1.0,1.0
6,10005720,8.57,8.572,1.0,0.0,1.0,1.0,0.0,1.0,1.0,1.0
6,10005730,8.554,8.554,1.0,0.0,1.0,1.0,0.0,1.0,1.0,1.0
6,10005740,8.538,8.538,1.0,0.0,1.0,1.0,0.0,1.0,1.0,1.0
6,10005750,8.524,8.524,1.0,0.0,1.0,1.0,0.0,1.0,1.0,1.0
6,10005760,8.506,8.506,1.0,0.0,1.0,1.0,0.0,1.0,1.0,1.0
6,10005770,8.49,8.49,1.0,0.0,1.0,1.0,0.0,1.0,1.0,1.0
6,10005780,8.474,8.476,1.0,0.0,1.0,1.0,0.0,1.0,1.0,1.0
6,10005790,8.46,8.46,1.0,0.0,1.0,1.0,0.0,1.0,1.0,1.0
6,1000580,8.512,8.514,1.0,0.0,1.0,1.0,0.0,1.0,1.0,1.0
6,10005800,8.444,8.444,1.0,0.0,1.0,1.0,0.0,1.0,1.0,1.0
6,10005810,8.43,8.43,1.0,0.0,1.0,1.0,0.0,1.0,1.0,1.0
6,10005820,8.414,8.414,1.0,0.0,1.0,1.0,0.0,1.0,1.0,1.0
6,10005830,8.398,8.396,1.0,0.0,1.0,1.0,0.0,1.0,1.0,1.0
6,10005840,8.378,8.382,1.0,0.0,1.0,1.0,0.0,1.0,1.0,1.0
6,10005850,8.366,8.366,1.0,0.0,1.0,1.0,0.0,1.0,1.0,1.0
6,10005860,8.35,8.35,1.0,0.0,1.0,1.0,0.0,1.0,1.0,1.0
6,10005870,8.332,8.334,1.0,0.0,1.0,1.0,0.0,1.0,1.0,1.0
6,10005880,8.316,8.318,1.0,0.0,1.0,1.0,0.0,1.0,1.0,1.0
6,10005890,8.3,8.302,1.0,0.0,1.0,1.0,0.0,1.0,1.0,1.0
6,1000590,8.51,8.512,1.0,0.0,1.0,1.0,0.0,1.0,1.0,1.0
6,10005900,8.284,8.286,1.0,0.0,1.0,1.0,0.0,1.0,1.0,1.0
6,10005910,8.268,8.27,1.0,0.0,1.0,1.0,0.0,1.0,1.0,1.0
6,10005920,8.254,8.256,1.0,0.0,1.0,1.0,0.0,1.0,1.0,1.0
6,10005930,8.238,8.24,1.0,0.0,1.0,1.0,0.0,1.0,1.0,1.0
6,10005940,8.222,8.226,1.0,0.0,1.0,1.0,0.0,1.0,1.0,1.0
6,10005950,8.206,8.208,1.0,0.0,1.0,1.0,0.0,1.0,1.0,1.0
6,10005960,8.192,8.194,1.0,0.0,1.0,1.0,0.0,1.0,1.0,1.0
6,10005970,8.176,8.18,1.0,0.0,1.0,1.0,0.0,1.0,1.0,1.0
6,10005980,8.16,8.162,1.0,0.0,1.0,1.0,0.0,1.0,1.0,1.0
6,10005990,8.144,8.146,1.0,0.0,1.0,1.0,0.0,1.0,1.0,1.0
7,100060,9.036,9.042,1.0,0.0,1.0,1.0,0.0,1.0,1.0,1.0
7,1000600,8.496,8.498,1.0,0.0,1.0,1.0,0.0,1.0,1.0,1.0
7,10006000,8.13,8.13,1.0,0.0,1.0,1.0,0.0,1.0,1.0,1.0
7,10006010,8.114,8.116,1.0,0.0,1.0,1.0,0.0,1.0,1.0,1.0
7,10006020,8.096,8.098,0.0,1.0,0.0,0.0,0.0,1.0,1.0,1.0
7,10006030,8.084,8.084,0.0,1.0,0.0,0.0,0.0,1.0,1.0,1.0
7,10006040,8.194,8.19,0.0,1.0,1.0,0.0,0.0,1.0,1.0,1.0
7,10006050,8.458,8.454,0.0,1.0,1.0,0.0,0.0,1.0,1.0,1.0
7,10006060,8.682,8.68,0.0,1.0,1.0,0.0,0.0,1.0,1.0,1.0
7,10006070,8.876,8.874,0.0,1.0,1.0,0.0,0.0,1.0,1.0,1.0
7,10006080,9.08,9.076,0.0,1.0,1.0,0.0,0.0,1.0,1.0,1.0
7,10006090,9.284,9.282,0.0,1.0,1.0,0.0,0.0,1.0,1.0,1.0
7,1000610,8.484,8.488,1.0,0.0,1.0,1.0,0.0,1.0,1.0,1.0
7,10006100,9.316,9.312,0.0,1.0,0.0,0.0,0.0,1.0,1.0,1.0
7,10006110,9.49,9.486,0.0,1.0,0.0,0.0,0.0,1.0,1.0,1.0
7,10006120,9.672,9.668,0.0,1.0,0.0,0.0,0.0,1.0,1.0,1.0
7,10006130,9.834,9.828,0.0,1.0,0.0,0.0,0.0,1.0,1.0,1.0
7,10006140,9.988,9.984,0.0,1.0,0.0,0.0,0.0,1.0,1.0,1.0
7,10006150,10.138,10.134,0.0,1.0,0.0,0.0,0.0,1.0,1.0,1.0
7,10006160,10.172,10.17,0.0,1.0,1.0,0.0,0.0,1.0,1.0,1.0
7,10006170,10.152,10.148,1.0,0.0,1.0,1.0,0.0,1.0,1.0,1.0
7,10006180,10.106,10.104,1.0,0.0,1.0,1.0,0.0,1.0,1.0,1.0
7,10006190,10.066,10.062,1.0,0.0,1.0,1.0,0.0,1.0,1.0,1.0
7,1000620,8.462,8.466,1.0,0.0,1.0,1.0,0.0,1.0,1.0,1.0
7,10006200,10.026,10.024,1.0,0.0,1.0,1.0,0.0,1.0,1.0,1.0
7,10006210,9.994,9.99,1.0,0.0,1.0,1.0,0.0,1.0,1.0,1.0
7,10006220,9.964,9.96,1.0,0.0,1.0,1.0,0.0,1.0,1.0,1.0
7,10006230,9.934,9.932,1.0,0.0,1.0,1.0,0.0,1.0,1.0,1.0
7,10006240,9.908,9.906,1.0,0.0,1.0,1.0,0.0,1.0,1.0,1.0
7,10006250,9.882,9.882,1.0,0.0,1.0,1.0,0.0,1.0,1.0,1.0
7,10006260,9.846,9.844,1.0,0.0,1.0,1.0,0.0,1.0,1.0,1.0
7,10006270,9.822,9.82,1.0,0.0,1.0,1.0,0.0,1.0,1.0,1.0
7,10006280,9.798,9.798,1.0,0.0,1.0,1.0,0.0,1.0,1.0,1.0
7,10006290,9.778,9.776,1.0,0.0,1.0,1.0,0.0,1.0,1.0,1.0
7,1000630,8.448,8.452,1.0,0.0,1.0,1.0,0.0,1.0,1.0,1.0
7,10006300,9.756,9.754,1.0,0.0,1.0,1.0,0.0,1.0,1.0,1.0
7,10006310,9.734,9.732,1.0,0.0,1.0,1.0,0.0,1.0,1.0,1.0
7,10006320,9.714,9.712,1.0,0.0,1.0,1.0,0.0,1.0,1.0,1.0
7,10006330,9.692,9.69,1.0,0.0,1.0,1.0,0.0,1.0,1.0,1.0
7,10006340,9.67,9.67,1.0,0.0,1.0,1.0,0.0,1.0,1.0,1.0
7,10006350,9.646,9.646,1.0,0.0,1.0,1.0,0.0,1.0,1.0,1.0
7,10006360,9.624,9.624,1.0,0.0,1.0,1.0,0.0,1.0,1.0,1.0
7,10006370,9.582,9.582,1.0,0.0,1.0,1.0,0.0,1.0,1.0,1.0
7,10006380,9.56,9.56,1.0,0.0,1.0,1.0,0.0,1.0,1.0,1.0
7,10006390,9.544,9.542,1.0,0.0,1.0,1.0,0.0,1.0,1.0,1.0
7,1000640,8.424,8.428,1.0,0.0,1.0,1.0,0.0,1.0,1.0,1.0
7,10006400,9.526,9.524,1.0,0.0,1.0,1.0,0.0,1.0,1.0,1.0
7,10006410,9.508,9.506,1.0,0.0,1.0,1.0,0.0,1.0,1.0,1.0
7,10006420,9.486,9.486,1.0,0.0,1.0,1.0,0.0,1.0,1.0,1.0
7,10006430,9.47,9.466,1.0,0.0,1.0,1.0,0.0,1.0,1.0,1.0
7,10006440,9.454,9.45,1.0,0.0,1.0,1.0,0.0,1.0,1.0,1.0
7,10006450,9.43,9.428,1.0,0.0,1.0,1.0,0.0,1.0,1.0,1.0
7,10006460,9.402,9.4,1.0,0.0,1.0,1.0,0.0,1.0,1.0,1.0
7,10006470,9.29,9.29,1.0,0.0,1.0,1.0,0.0,1.0,1.0,1.0
7,10006480,9.278,9.278,1.0,0.0,1.0,1.0,0.0,1.0,1.0,1.0
7,10006490,9.262,9.262,1.0,0.0,1.0,1.0,0.0,1.0,1.0,1.0
7,1000650,8.404,8.41,1.0,0.0,1.0,1.0,0.0,1.0,1.0,1.0
7,10006500,9.236,9.238,1.0,0.0,1.0,1.0,0.0,1.0,1.0,1.0
7,10006510,9.218,9.218,1.0,0.0,1.0,1.0,0.0,1.0,1.0,1.0
7,10006520,9.204,9.202,1.0,0.0,1.0,1.0,0.0,1.0,1.0,1.0
7,10006530,9.188,9.186,1.0,0.0,1.0,1.0,0.0,1.0,1.0,1.0
7,10006540,9.14,9.142,1.0,0.0,1.0,1.0,0.0,1.0,1.0,1.0
7,10006550,9.114,9.116,1.0,0.0,1.0,1.0,0.0,1.0,1.0,1.0
7,10006560,9.084,9.084,1.0,0.0,1.0,1.0,0.0,1.0,1.0,1.0
7,10006570,9.07,9.07,1.0,0.0,1.0,1.0,0.0,1.0,1.0,1.0
7,10006580,9.04,9.04,1.0,0.0,1.0,1.0,0.0,1.0,1.0,1.0
7,10006590,9.018,9.018,1.0,0.0,1.0,1.0,0.0,1.0,1.0,1.0
7,1000660,8.4,8.404,1.0,0.0,1.0,1.0,0.0,1.0,1.0,1.0
7,10006600,9.002,9.004,1.0,0.0,1.0,1.0,0.0,1.0,1.0,1.0
7,10006610,8.99,8.99,1.0,0.0,1.0,1.0,0.0,1.0,1.0,1.0
7,10006620,8.974,8.972,1.0,0.0,1.0,1.0,0.0,1.0,1.0,1.0
7,10006630,8.936,8.936,1.0,0.0,1.0,1.0,0.0,1.0,1.0,1.0
7,10006640,8.916,8.916,1.0,0.0,1.0,1.0,0.0,1.0,1.0,1.0
7,10006650,8.9,8.9,1.0,0.0,1.0,1.0,0.0,1.0,1.0,1.0
7,10006660,8.886,8.888,1.0,0.0,1.0,1.0,0.0,1.0,1.0,1.0
7,10006670,8.868,8.872,1.0,0.0,1.0,1.0,0.0,1.0,1.0,1.0
7,10006680,8.854,8.854,1.0,0.0,1.0,1.0,0.0,1.0,1.0,1.0
7,10006690,8.808,8.806,1.0,0.0,1.0,1.0,0.0,1.0,1.0,1.0
7,1000670,8.392,8.398,1.0,0.0,1.0,1.0,0.0,1.0,1.0,1.0
7,10006700,8.792,8.79,1.0,0.0,1.0,1.0,0.0,1.0,1.0,1.0
7,10006710,8.776,8.776,1.0,0.0,1.0,1.0,0.0,1.0,1.0,1.0
7,10006720,8.76,8.762,1.0,0.0,1.0,1.0,0.0,1.0,1.0,1.0
7,10006730,8.744,8.744,1.0,0.0,1.0,1.0,0.0,1.0,1.0,1.0
7,10006740,8.73,8.73,1.0,0.0,1.0,1.0,0.0,1.0,1.0,1.0
7,10006750,8.712,8.714,1.0,0.0,1.0,1.0,0.0,1.0,1.0,1.0
7,10006760,8.696,8.698,1.0,0.0,1.0,1.0,0.0,1.0,1.0,1.0
7,10006770,8.68,8.68,1.0,0.0,1.0,1.0,0.0,1.0,1.0,1.0
7,10006780,8.666,8.668,1.0,0.0,1.0,1.0,0.0,1.0,1.0,1.0
7,10006790,8.648,8.65,1.0,0.0,1.0,1.0,0.0,1.0,1.0,1.0
7,1000680,8.39,8.396,1.0,0.0,1.0,1.0,0.0,1.0,1.0,1.0
7,10006800,8.634,8.636,1.0,0.0,1.0,1.0,0.0,1.0,1.0,1.0
7,10006810,8.62,8.62,1.0,0.0,1.0,1.0,0.0,1.0,1.0,1.0
7,10006820,8.604,8.604,1.0,0.0,1.0,1.0,0.0,1.0,1.0,1.0
7,10006830,8.586,8.588,1.0,0.0,1.0,1.0,0.0,1.0,1.0,1.0
7,10006840,8.57,8.57,1.0,0.0,1.0,1.0,0.0,1.0,1.0,1.0
7,10006850,8.556,8.556,1.0,0.0,1.0,1.0,0.0,1.0,1.0,1.0
7,10006860,8.538,8.54,1.0,0.0,1.0,1.0,0.0,1.0,1.0,1.0
7,10006870,8.522,8.522,1.0,0.0,1.0,1.0,0.0,1.0,1.0,1.0
7,10006880,8.508,8.51,1.0,0.0,1.0,1.0,0.0,1.0,1.0,1.0
7,10006890,8.492,8.494,1.0,0.0,1.0,1.0,0.0,1.0,1.0,1.0
7,1000690,8.384,8.39,1.0,0.0,1.0,1.0,0.0,1.0,1.0,1.0
7,10006900,8.476,8.476,1.0,0.0,1.0,1.0,0.0,1.0,1.0,1.0
7,10006910,8.462,8.464,1.0,0.0,1.0,1.0,0.0,1.0,1.0,1.0
7,10006920,8.444,8.446,1.0,0.0,1.0,1.0,0.0,1.0,1.0,1.0
7,10006930,8.43,8.43,1.0,0.0,1.0,1.0,0.0,1.0,1.0,1.0
7,10006940,8.412,8.414,1.0,0.0,1.0,1.0,0.0,1.0,1.0,1.0
7,10006950,8.398,8.398,1.0,0.0,1.0,1.0,0.0,1.0,1.0,1.0
7,10006960,8.382,8.382,1.0,0.0,1.0,1.0,0.0,1.0,1.0,1.0
7,10006970,8.366,8.366,1.0,0.0,1.0,1.0,0.0,1.0,1.0,1.0
7,10006980,8.348,8.35,1.0,0.0,1.0,1.0,0.0,1.0,1.0,1.0
7,10006990,8.334,8.338,1.0,0.0,1.0,1.0,0.0,1.0,1.0,1.0
8,100070,9.03,9.034,1.0,0.0,1.0,1.0,0.0,1.0,1.0,1.0
8,1000700,8.238,8.244,1.0,0.0,1.0,1.0,0.0,1.0,1.0,1.0
8,10007000,8.32,8.32,1.0,0.0,1.0,1.0,0.0,1.0,1.0,1.0
8,10007010,8.302,8.302,1.0,0.0,1.0,1.0,0.0,1.0,1.0,1.0
8,10007020,8.288,8.288,1.0,0.0,1.0,1.0,0.0,1.0,1.0,1.0
8,10007030,8.27,8.272,1.0,0.0,1.0,1.0,0.0,1.0,1.0,1.0
8,10007040,8.256,8.258,1.0,0.0,1.0,1.0,0.0,1.0,1.0,1.0
8,10007050,8.24,8.242,1.0,0.0,1.0,1.0,0.0,1.0,1.0,1.0
8,10007060,8.226,8.226,1.0,0.0,1.0,1.0,0.0,1.0,1.0,1.0
8,10007070,8.21,8.212,1.0,0.0,1.0,1.0,0.0,1.0,1.0,1.0
8,10007080,8.194,8.196,1.0,0.0,1.0,1.0,0.0,1.0,1.0,1.0
8,10007090,8.18,8.18,1.0,0.0,1.0,1.0,0.0,1.0,1.0,1.0
8,1000710,8.17,8.176,1.0,0.0,1.0,1.0,0.0,1.0,1.0,1.0
8,10007100,8.164,8.166,1.0,0.0,1.0,1.0,0.0,1.0,1.0,1.0
8,10007110,8.148,8.15,1.0,0.0,1.0,1.0,0.0,1.0,1.0,1.0
8,10007120,8.134,8.136,1.0,0.0,1.0,1.0,0.0,1.0,1.0,1.0
8,10007130,8.118,8.122,1.0,0.0,1.0,1.0,0.0,1.0,1.0,1.0
8,10007140,8.102,8.106,1.0,0.0,1.0,1.0,0.0,1.0,1.0,1.0
8,10007150,8.088,8.092,0.0,1.0,1.0,0.0,0.0,1.0,1.0,1.0
8,10007160,8.178,8.178,0.0,1.0,1.0,0.0,0.0,1.0,1.0,1.0
8,10007170,8.442,8.438,0.0,1.0,1.0,0.0,0.0,1.0,1.0,1.0
8,10007180,8.666,8.662,0.0,1.0,1.0,0.0,0.0,1.0,1.0,1.0
8,10007190,8.876,8.872,0.0,1.0,1.0,0.0,0.0,1.0,1.0,1.0
8,1000720,8.16,8.162,1.0,0.0,1.0,1.0,0.0,1.0,1.0,1.0
8,10007200,8.944,8.94,0.0,1.0,0.0,0.0,0.0,1.0,1.0,1.0
8,10007210,9.138,9.136,0.0,1.0,0.0,0.0,0.0,1.0,1.0,1.0
8,10007220,9.322,9.318,0.0,1.0,0.0,0.0,0.0,1.0,1.0,1.0
8,10007230,9.492,9.49,0.0,1.0,0.0,0.0,0.0,1.0,1.0,1.0
8,10007240,9.674,9.67,0.0,1.0,0.0,0.0,0.0,1.0,1.0,1.0
8,10007250,9.83,9.828,0.0,1.0,0.0,0.0,0.0,1.0,1.0,1.0
8,10007260,9.86,9.858,0.0,1.0,1.0,0.0,0.0,1.0,1.0,1.0
8,10007270,10.034,10.034,0.0,1.0,1.0,0.0,0.0,1.0,1.0,1.0
8,10007280,10.192,10.19,0.0,1.0,1.0,0.0,0.0,1.0,1.0,1.0
8,10007290,10.14,10.138,1.0,0.0,1.0,1.0,0.0,1.0,1.0,1.0
8,1000730,8.13,8.136,1.0,0.0,1.0,1.0,0.0,1.0,1.0,1.0
8,10007300,10.094,10.092,1.0,0.0,1.0,1.0,0.0,1.0,1.0,1.0
8,10007310,10.048,10.046,1.0,0.0,1.0,1.0,0.0,1.0,1.0,1.0
8,10007320,10.014,10.012,1.0,0.0,1.0,1.0,0.0,1.0,1.0,1.0
8,10007330,9.982,9.978,1.0,0.0,1.0,1.0,0.0,1.0,1.0,1.0
8,10007340,9.948,9.946,1.0,0.0,1.0,1.0,0.0,1.0,1.0,1.0
8,10007350,9.922,9.918,1.0,0.0,1.0,1.0,0.0,1.0,1.0,1.0
8,10007360,9.894,9.894,1.0,0.0,1.0,1.0,0.0,1.0,1.0,1.0
8,10007370,9.868,9.866,1.0,0.0,1.0,1.0,0.0,1.0,1.0,1.0
8,10007380,9.844,9.842,1.0,0.0,1.0,1.0,0.0,1.0,1.0,1.0
8,10007390,9.82,9.82,1.0,0.0,1.0,1.0,0.0,1.0,1.0,1.0
8,1000740,8.104,8.11,1.0,0.0,1.0,1.0,0.0,1.0,1.0,1.0
8,10007400,9.796,9.794,1.0,0.0,1.0,1.0,0.0,1.0,1.0,1.0
8,10007410,9.774,9.774,1.0,0.0,1.0,1.0,0.0,1.0,1.0,1.0
8,10007420,9.754,9.752,1.0,0.0,1.0,1.0,0.0,1.0,1.0,1.0
8,10007430,9.73,9.728,1.0,0.0,1.0,1.0,0.0,1.0,1.0,1.0
8,10007440,9.71,9.71,1.0,0.0,1.0,1.0,0.0,1.0,1.0,1.0
8,10007450,9.69,9.688,1.0,0.0,1.0,1.0,0.0,1.0,1.0,1.0
8,10007460,9.668,9.668,1.0,0.0,1.0,1.0,0.0,1.0,1.0,1.0
8,10007470,9.65,9.648,1.0,0.0,1.0,1.0,0.0,1.0,1.0,1.0
8,10007480,9.628,9.626,1.0,0.0,1.0,1.0,0.0,1.0,1.0,1.0
8,10007490,9.608,9.608,1.0,0.0,1.0,1.0,0.0,1.0,1.0,1.0
8,1000750,8.106,8.11,1.0,0.0,1.0,1.0,0.0,1.0,1.0,1.0
8,10007500,9.59,9.59,1.0,0.0,1.0,1.0,0.0,1.0,1.0,1.0
8,10007510,9.572,9.572,1.0,0.0,1.0,1.0,0.0,1.0,1.0,1.0
8,10007520,9.554,9.554,1.0,0.0,1.0,1.0,0.0,1.0,1.0,1.0
8,10007530,9.534,9.534,1.0,0.0,1.0,1.0,0.0,1.0,1.0,1.0
8,10007540,9.516,9.516,1.0,0.0,1.0,1.0,0.0,1.0,1.0,1.0
8,10007550,9.496,9.498,1.0,0.0,1.0,1.0,0.0,1.0,1.0,1.0
8,10007560,9.48,9.48,1.0,0.0,1.0,1.0,0.0,1.0,1.0,1.0
8,10007570,9.462,9.462,1.0,0.0,1.0,1.0,0.0,1.0,1.0,1.0
8,10007580,9.444,9.444,1.0,0.0,1.0,1.0,0.0,1.0,1.0,1.0
8,10007590,9.424,9.426,1.0,0.0,1.0,1.0,0.0,1.0,1.0,1.0
8,1000760,8.1,8.106,1.0,0.0,1.0,1.0,0.0,1.0,1.0,1.0
8,10007600,9.408,9.408,1.0,0.0,1.0,1.0,0.0,1.0,1.0,1.0
8,10007610,9.388,9.39,1.0,0.0,1.0,1.0,0.0,1.0,1.0,1.0
8,10007620,9.37,9.37,1.0,0.0,1.0,1.0,0.0,1.0,1.0,1.0
8,10007630,9.354,9.354,1.0,0.0,1.0,1.0,0.0,1.0,1.0,1.0
8,10007640,9.336,9.336,1.0,0.0,1.0,1.0,0.0,1.0,1.0,1.0
8,10007650,9.32,9.32,1.0,0.0,1.0,1.0,0.0,1.0,1.0,1.0
8,10007660,9.184,9.184,1.0,0.0,1.0,1.0,0.0,1.0,1.0,1.0
8,10007670,9.064,9.066,1.0,0.0,1.0,1.0,0.0,1.0,1.0,1.0
8,10007680,9.058,9.058,1.0,0.0,1.0,1.0,0.0,1.0,1.0,1.0
8,10007690,9.048,9.05,1.0,0.0,1.0,1.0,0.0,1.0,1.0,1.0
8,1000770,8.094,8.1,1.0,0.0,1.0,1.0,0.0,1.0,1.0,1.0
8,10007700,9.036,9.038,1.0,0.0,1.0,1.0,0.0,1.0,1.0,1.0
8,10007710,9.026,9.026,1.0,0.0,1.0,1.0,0.0,1.0,1.0,1.0
8,10007720,9.006,9.006,1.0,0.0,1.0,1.0,0.0,1.0,1.0,1.0
8,10007730,8.992,8.994,1.0,0.0,1.0,1.0,0.0,1.0,1.0,1.0
8,10007740,8.978,8.98,1.0,0.0,1.0,1.0,0.0,1.0,1.0,1.0
8,10007750,8.964,8.966,1.0,0.0,1.0,1.0,0.0,1.0,1.0,1.0
8,10007760,8.948,8.952,1.0,0.0,1.0,1.0,0.0,1.0,1.0,1.0
8,10007770,8.934,8.936,1.0,0.0,1.0,1.0,0.0,1.0,1.0,1.0
8,10007780,8.918,8.92,1.0,0.0,1.0,1.0,0.0,1.0,1.0,1.0
8,10007790,8.902,8.904,1.0,0.0,1.0,1.0,0.0,1.0,1.0,1.0
8,1000780,8.092,8.096,1.0,0.0,1.0,1.0,0.0,1.0,1.0,1.0
8,10007800,8.736,8.738,1.0,0.0,1.0,1.0,0.0,1.0,1.0,1.0
8,10007810,8.588,8.592,1.0,0.0,1.0,1.0,0.0,1.0,1.0,1.0
8,10007820,8.586,8.59,1.0,0.0,1.0,1.0,0.0,1.0,1.0,1.0
8,10007830,8.58,8.58,1.0,0.0,1.0,1.0,0.0,1.0,1.0,1.0
8,10007840,8.544,8.546,1.0,0.0,1.0,1.0,0.0,1.0,1.0,1.0
8,10007850,8.374,8.376,1.0,0.0,1.0,1.0,0.0,1.0,1.0,1.0
8,10007860,8.362,8.364,1.0,0.0,1.0,1.0,0.0,1.0,1.0,1.0
8,10007870,8.358,8.358,1.0,0.0,1.0,1.0,0.0,1.0,1.0,1.0
8,10007880,8.35,8.352,1.0,0.0,1.0,1.0,0.0,1.0,1.0,1.0
8,10007890,8.342,8.342,1.0,0.0,1.0,1.0,0.0,1.0,1.0,1.0
8,1000790,8.088,8.094,1.0,0.0,1.0,1.0,0.0,1.0,1.0,1.0
8,10007900,8.332,8.334,1.0,0.0,1.0,1.0,0.0,1.0,1.0,1.0
8,10007910,8.32,8.32,1.0,0.0,1.0,1.0,0.0,1.0,1.0,1.0
8,10007920,8.308,8.308,1.0,0.0,1.0,1.0,0.0,1.0,1.0,1.0
8,10007930,8.296,8.298,1.0,0.0,1.0,1.0,0.0,1.0,1.0,1.0
8,10007940,8.28,8.28,1.0,0.0,1.0,1.0,0.0,1.0,1.0,1.0
8,10007950,8.1,8.102,1.0,0.0,1.0,1.0,0.0,1.0,1.0,1.0
8,10007960,8.07,8.074,0.0,1.0,1.0,0.0,0.0,1.0,1.0,1.0
8,10007970,8.254,8.252,0.0,1.0,1.0,0.0,0.0,1.0,1.0,1.0
8,10007980,8.49,8.49,0.0,1.0,1.0,0.0,0.0,1.0,1.0,1.0
8,10007990,8.568,8.566,0.0,1.0,0.0,0.0,0.0,1.0,1.0,1.0
9,100080,9.002,9.006,1.0,0.0,1.0,1.0,0.0,1.0,1.0,1.0
9,10008000,8.8,8.796,0.0,1.0,0.0,0.0,0.0,1.0,1.0,1.0
9,10008010,8.998,8.996,0.0,1.0,0.0,0.0,0.0,1.0,1.0,1.0
9,10008020,9.184,9.182,0.0,1.0,0.0,0.0,0.0,1.0,1.0,1.0
9,10008030,9.374,9.374,0.0,1.0,0.0,0.0,0.0,1.0,1.0,1.0
9,10008040,9.536,9.534,0.0,1.0,1.0,0.0,0.0,1.0,1.0,1.0
9,10008050,9.584,9.582,0.0,1.0,1.0,0.0,0.0,1.0,1.0,1.0
9,10008060,9.752,9.75,0.0,1.0,1.0,0.0,0.0,1.0,1.0,1.0
9,10008070,9.928,9.926,0.0,1.0,1.0,0.0,0.0,1.0,1.0,1.0
9,10008080,10.084,10.082,0.0,1.0,1.0,0.0,0.0,1.0,1.0,1.0
9,10008090,10.188,10.188,1.0,0.0,1.0,1.0,0.0,1.0,1.0,1.0
9,1000810,8.12,8.124,0.0,1.0,1.0,0.0,0.0,1.0,1.0,1.0
9,10008100,10.126,10.126,1.0,0.0,1.0,1.0,0.0,1.0,1.0,1.0
9,10008110,10.082,10.08,1.0,0.0,1.0,1.0,0.0,1.0,1.0,1.0
9,10008120,10.044,10.04,1.0,0.0,1.0,1.0,0.0,1.0,1.0,1.0
9,10008130,10.004,10.0,1.0,0.0,1.0,1.0,0.0,1.0,1.0,1.0
9,10008140,9.968,9.966,1.0,0.0,1.0,1.0,0.0,1.0,1.0,1.0
9,10008150,9.94,9.936,1.0,0.0,1.0,1.0,0.0,1.0,1.0,1.0
9,10008160,9.912,9.91,1.0,0.0,1.0,1.0,0.0,1.0,1.0,1.0
9,10008170,9.882,9.88,1.0,0.0,1.0,1.0,0.0,1.0,1.0,1.0
9,10008180,9.86,9.858,1.0,0.0,1.0,1.0,0.0,1.0,1.0,1.0
9,10008190,9.834,9.834,1.0,0.0,1.0,1.0,0.0,1.0,1.0,1.0
9,1000820,8.296,8.3,0.0,1.0,0.0,0.0,0.0,1.0,1.0,1.0
9,10008200,9.808,9.806,1.0,0.0,1.0,1.0,0.0,1.0,1.0,1.0
9,10008210,9.784,9.782,1.0,0.0,1.0,1.0,0.0,1.0,1.0,1.0
9,10008220,9.762,9.76,1.0,0.0,1.0,1.0,0.0,1.0,1.0,1.0
9,10008230,9.736,9.736,1.0,0.0,1.0,1.0,0.0,1.0,1.0,1.0
9,10008240,9.716,9.714,1.0,0.0,1.0,1.0,0.0,1.0,1.0,1.0
9,10008250,9.696,9.694,1.0,0.0,1.0,1.0,0.0,1.0,1.0,1.0
9,10008260,9.676,9.676,1.0,0.0,1.0,1.0,0.0,1.0,1.0,1.0
9,10008270,9.654,9.654,1.0,0.0,1.0,1.0,0.0,1.0,1.0,1.0
9,10008280,9.634,9.634,1.0,0.0,1.0,1.0,0.0,1.0,1.0,1.0
9,10008290,9.6,9.6,1.0,0.0,1.0,1.0,0.0,1.0,1.0,1.0
9,1000830,8.556,8.556,0.0,1.0,0.0,0.0,0.0,1.0,1.0,1.0
9,10008300,9.58,9.578,1.0,0.0,1.0,1.0,0.0,1.0,1.0,1.0
9,10008310,9.556,9.556,1.0,0.0,1.0,1.0,0.0,1.0,1.0,1.0
9,10008320,9.54,9.538,1.0,0.0,1.0,1.0,0.0,1.0,1.0,1.0
9,10008330,9.518,9.518,1.0,0.0,1.0,1.0,0.0,1.0,1.0,1.0
9,10008340,9.496,9.498,1.0,0.0,1.0,1.0,0.0,1.0,1.0,1.0
9,10008350,9.478,9.48,1.0,0.0,1.0,1.0,0.0,1.0,1.0,1.0
9,10008360,9.458,9.46,1.0,0.0,1.0,1.0,0.0,1.0,1.0,1.0
9,10008370,9.4,9.402,1.0,0.0,1.0,1.0,0.0,1.0,1.0,1.0
9,10008380,9.358,9.36,1.0,0.0,1.0,1.0,0.0,1.0,1.0,1.0
9,10008390,9.33,9.332,1.0,0.0,1.0,1.0,0.0,1.0,1.0,1.0
9,1000840,8.826,8.824,0.0,1.0,0.0,0.0,0.0,1.0,1.0,1.0
9,10008400,9.312,9.314,1.0,0.0,1.0,1.0,0.0,1.0,1.0,1.0
9,10008410,9.292,9.294,1.0,0.0,1.0,1.0,0.0,1.0,1.0,1.0
9,10008420,9.274,9.276,1.0,0.0,1.0,1.0,0.0,1.0,1.0,1.0
9,10008430,9.254,9.254,1.0,0.0,1.0,1.0,0.0,1.0,1.0,1.0
9,10008440,9.12,9.12,1.0,0.0,1.0,1.0,0.0,1.0,1.0,1.0
9,10008450,9.07,9.07,1.0,0.0,1.0,1.0,0.0,1.0,1.0,1.0
9,10008460,9.058,9.058,1.0,0.0,1.0,1.0,0.0,1.0,1.0,1.0
9,10008470,9.04,9.046,1.0,0.0,1.0,1.0,0.0,1.0,1.0,1.0
9,10008480,8.974,8.974,1.0,0.0,1.0,1.0,0.0,1.0,1.0,1.0
9,10008490,8.962,8.964,1.0,0.0,1.0,1.0,0.0,1.0,1.0,1.0
9,1000850,9.05,9.054,0.0,1.0,0.0,0.0,0.0,1.0,1.0,1.0
9,10008500,8.95,8.952,1.0,0.0,1.0,1.0,0.0,1.0,1.0,1.0
9,10008510,8.936,8.938,1.0,0.0,1.0,1.0,0.0,1.0,1.0,1.0
9,10008520,8.922,8.924,1.0,0.0,1.0,1.0,0.0,1.0,1.0,1.0
9,10008530,8.866,8.868,1.0,0.0,1.0,1.0,0.0,1.0,1.0,1.0
9,10008540,8.852,8.854,1.0,0.0,1.0,1.0,0.0,1.0,1.0,1.0
9,10008550,8.838,8.84,1.0,0.0,1.0,1.0,0.0,1.0,1.0,1.0
9,10008560,8.82,8.822,1.0,0.0,1.0,1.0,0.0,1.0,1.0,1.0
9,10008570,8.794,8.796,1.0,0.0,1.0,1.0,0.0,1.0,1.0,1.0
9,10008580,8.778,8.778,1.0,0.0,1.0,1.0,0.0,1.0,1.0,1.0
9,10008590,8.762,8.762,1.0,0.0,1.0,1.0,0.0,1.0,1.0,1.0
9,1000860,9.208,9.21,0.0,1.0,0.0,0.0,0.0,1.0,1.0,1.0
9,10008600,8.748,8.75,1.0,0.0,1.0,1.0,0.0,1.0,1.0,1.0
9,10008610,8.732,8.732,1.0,0.0,1.0,1.0,0.0,1.0,1.0,1.0
9,10008620,8.71,8.712,1.0,0.0,1.0,1.0,0.0,1.0,1.0,1.0
9,10008630,8.696,8.698,1.0,0.0,1.0,1.0,0.0,1.0,1.0,1.0
9,10008640,8.68,8.68,1.0,0.0,1.0,1.0,0.0,1.0,1.0,1.0
9,10008650,8.456,8.456,1.0,0.0,1.0,1.0,0.0,1.0,1.0,1.0
9,10008660,8.438,8.44,1.0,0.0,1.0,1.0,0.0,1.0,1.0,1.0
9,10008670,8.43,8.432,1.0,0.0,1.0,1.0,0.0,1.0,1.0,1.0
9,10008680,8.42,8.424,1.0,0.0,1.0,1.0,0.0,1.0,1.0,1.0
9,10008690,8.408,8.41,1.0,0.0,1.0,1.0,0.0,1.0,1.0,1.0
9,1000870,9.402,9.406,0.0,1.0,0.0,0.0,0.0,1.0,1.0,1.0
9,10008700,8.396,8.4,1.0,0.0,1.0,1.0,0.0,1.0,1.0,1.0
9,10008710,8.386,8.388,1.0,0.0,1.0,1.0,0.0,1.0,1.0,1.0
9,10008720,8.372,8.376,1.0,0.0,1.0,1.0,0.0,1.0,1.0,1.0
9,10008730,8.36,8.362,1.0,0.0,1.0,1.0,0.0,1.0,1.0,1.0
9,10008740,8.346,8.35,1.0,0.0,1.0,1.0,0.0,1.0,1.0,1.0
9,10008750,8.332,8.334,1.0,0.0,1.0,1.0,0.0,1.0,1.0,1.0
9,10008760,8.318,8.32,1.0,0.0,1.0,1.0,0.0,1.0,1.0,1.0
9,10008770,8.304,8.308,1.0,0.0,1.0,1.0,0.0,1.0,1.0,1.0
9,10008780,8.292,8.294,1.0,0.0,1.0,1.0,0.0,1.0,1.0,1.0
9,10008790,8.278,8.28,1.0,0.0,1.0,1.0,0.0,1.0,1.0,1.0
9,1000880,9.374,9.372,0.0,1.0,1.0,0.0,0.0,1.0,1.0,1.0
9,10008800,8.262,8.266,1.0,0.0,1.0,1.0,0.0,1.0,1.0,1.0
9,10008810,8.248,8.252,1.0,0.0,1.0,1.0,0.0,1.0,1.0,1.0
9,10008820,8.236,8.24,1.0,0.0,1.0,1.0,0.0,1.0,1.0,1.0
9,10008830,8.22,8.222,1.0,0.0,1.0,1.0,0.0,1.0,1.0,1.0
9,10008840,8.208,8.21,1.0,0.0,1.0,1.0,0.0,1.0,1.0,1.0
9,10008850,8.192,8.196,1.0,0.0,1.0,1.0,0.0,1.0,1.0,1.0
9,10008860,8.174,8.178,1.0,0.0,1.0,1.0,0.0,1.0,1.0,1.0
9,10008870,8.164,8.166,1.0,0.0,1.0,1.0,0.0,1.0,1.0,1.0
9,10008880,8.148,8.15,1.0,0.0,1.0,1.0,0.0,1.0,1.0,1.0
9,10008890,8.132,8.136,1.0,0.0,1.0,1.0,0.0,1.0,1.0,1.0
9,1000890,9.536,9.538,0.0,1.0,1.0,0.0,0.0,1.0,1.0,1.0
9,10008900,8.12,8.12,1.0,0.0,1.0,1.0,0.0,1.0,1.0,1.0
9,10008910,8.106,8.108,1.0,0.0,1.0,1.0,0.0,1.0,1.0,1.0
9,10008920,8.096,8.098,0.0,1.0,1.0,0.0,0.0,1.0,1.0,1.0
9,10008930,8.106,8.108,0.0,1.0,0.0,0.0,0.0,1.0,1.0,1.0
9,10008940,8.346,8.344,0.0,1.0,0.0,0.0,0.0,1.0,1.0,1.0
9,10008950,8.566,8.568,0.0,1.0,0.0,0.0,0.0,1.0,1.0,1.0
9,10008960,8.798,8.796,0.0,1.0,0.0,0.0,0.0,1.0,1.0,1.0
9,10008970,8.996,8.994,0.0,1.0,0.0,0.0,0.0,1.0,1.0,1.0
9,10008980,9.18,9.18,0.0,1.0,0.0,0.0,0.0,1.0,1.0,1.0
9,10008990,9.248,9.246,0.0,1.0,1.0,0.0,0.0,1.0,1.0,1.0
10,100090,8.954,8.958,1.0,0.0,1.0,1.0,0.0,1.0,1.0,1.0
10,1000900,9.702,9.702,0.0,1.0,1.0,0.0,0.0,1.0,1.0,1.0
10,10009000,9.428,9.428,0.0,1.0,1.0,0.0,0.0,1.0,1.0,1.0
10,10009010,9.602,9.598,0.0,1.0,1.0,0.0,0.0,1.0,1.0,1.0
10,10009020,9.768,9.764,0.0,1.0,1.0,0.0,0.0,1.0,1.0,1.0
10,10009030,9.94,9.936,0.0,1.0,1.0,0.0,0.0,1.0,1.0,1.0
10,10009040,10.094,10.092,0.0,1.0,1.0,0.0,0.0,1.0,1.0,1.0
10,10009050,10.104,10.1,0.0,1.0,0.0,0.0,0.0,1.0,1.0,1.0
10,10009060,10.178,10.176,1.0,0.0,1.0,1.0,0.0,1.0,1.0,1.0
10,10009070,10.128,10.128,1.0,0.0,1.0,1.0,0.0,1.0,1.0,1.0
10,10009080,10.088,10.086,1.0,0.0,1.0,1.0,0.0,1.0,1.0,1.0
10,10009090,10.048,10.044,1.0,0.0,1.0,1.0,0.0,1.0,1.0,1.0
10,1000910,9.896,9.894,0.0,1.0,1.0,0.0,0.0,1.0,1.0,1.0
10,10009100,10.016,10.012,1.0,0.0,1.0,1.0,0.0,1.0,1.0,1.0
10,10009110,9.986,9.984,1.0,0.0,1.0,1.0,0.0,1.0,1.0,1.0
10,10009120,9.956,9.956,1.0,0.0,1.0,1.0,0.0,1.0,1.0,1.0
10,10009130,9.93,9.928,1.0,0.0,1.0,1.0,0.0,1.0,1.0,1.0
10,10009140,9.906,9.906,1.0,0.0,1.0,1.0,0.0,1.0,1.0,1.0
10,10009150,9.882,9.882,1.0,0.0,1.0,1.0,0.0,1.0,1.0,1.0
10,10009160,9.856,9.856,1.0,0.0,1.0,1.0,0.0,1.0,1.0,1.0
10,10009170,9.834,9.834,1.0,0.0,1.0,1.0,0.0,1.0,1.0,1.0
10,10009180,9.814,9.814,1.0,0.0,1.0,1.0,0.0,1.0,1.0,1.0
10,10009190,9.79,9.788,1.0,0.0,1.0,1.0,0.0,1.0,1.0,1.0
10,1000920,10.048,10.046,0.0,1.0,1.0,0.0,0.0,1.0,1.0,1.0
10,10009200,9.768,9.768,1.0,0.0,1.0,1.0,0.0,1.0,1.0,1.0
10,10009210,9.748,9.75,1.0,0.0,1.0,1.0,0.0,1.0,1.0,1.0
10,10009220,9.73,9.73,1.0,0.0,1.0,1.0,0.0,1.0,1.0,1.0
10,10009230,9.708,9.708,1.0,0.0,1.0,1.0,0.0,1.0,1.0,1.0
10,10009240,9.688,9.69,1.0,0.0,1.0,1.0,0.0,1.0,1.0,1.0
10,10009250,9.668,9.67,1.0,0.0,1.0,1.0,0.0,1.0,1.0,1.0
10,10009260,9.648,9.648,1.0,0.0,1.0,1.0,0.0,1.0,1.0,1.0
10,10009270,9.63,9.63,1.0,0.0,1.0,1.0,0.0,1.0,1.0,1.0
10,10009280,9.612,9.612,1.0,0.0,1.0,1.0,0.0,1.0,1.0,1.0
10,10009290,9.592,9.594,1.0,0.0,1.0,1.0,0.0,1.0,1.0,1.0
10,1000930,10.11,10.11,1.0,0.0,1.0,1.0,0.0,1.0,1.0,1.0
10,10009300,9.572,9.574,1.0,0.0,1.0,1.0,0.0,1.0,1.0,1.0
10,10009310,9.554,9.556,1.0,0.0,1.0,1.0,0.0,1.0,1.0,1.0
10,10009320,9.536,9.536,1.0,0.0,1.0,1.0,0.0,1.0,1.0,1.0
10,10009330,9.518,9.518,1.0,0.0,1.0,1.0,0.0,1.0,1.0,1.0
10,10009340,9.498,9.5,1.0,0.0,1.0,1.0,0.0,1.0,1.0,1.0
10,10009350,9.482,9.484,1.0,0.0,1.0,1.0,0.0,1.0,1.0,1.0
10,10009360,9.464,9.464,1.0,0.0,1.0,1.0,0.0,1.0,1.0,1.0
10,10009370,9.442,9.446,1.0,0.0,1.0,1.0,0.0,1.0,1.0,1.0
10,10009380,9.426,9.428,1.0,0.0,1.0,1.0,0.0,1.0,1.0,1.0
10,10009390,9.408,9.41,1.0,0.0,1.0,1.0,0.0,1.0,1.0,1.0
10,1000940,10.066,10.066,1.0,0.0,1.0,1.0,0.0,1.0,1.0,1.0
10,10009400,9.388,9.39,1.0,0.0,1.0,1.0,0.0,1.0,1.0,1.0
10,10009410,9.372,9.374,1.0,0.0,1.0,1.0,0.0,1.0,1.0,1.0
10,10009420,9.352,9.356,1.0,0.0,1.0,1.0,0.0,1.0,1.0,1.0
10,10009430,9.336,9.338,1.0,0.0,1.0,1.0,0.0,1.0,1.0,1.0
10,10009440,9.316,9.318,1.0,0.0,1.0,1.0,0.0,1.0,1.0,1.0
10,10009450,9.298,9.302,1.0,0.0,1.0,1.0,0.0,1.0,1.0,1.0
10,10009460,9.282,9.286,1.0,0.0,1.0,1.0,0.0,1.0,1.0,1.0
10,10009470,9.264,9.266,1.0,0.0,1.0,1.0,0.0,1.0,1.0,1.0
10,10009480,9.246,9.248,1.0,0.0,1.0,1.0,0.0,1.0,1.0,1.0
10,10009490,9.228,9.23,1.0,0.0,1.0,1.0,0.0,1.0,1.0,1.0
10,1000950,10.036,10.038,1.0,0.0,1.0,1.0,0.0,1.0,1.0,1.0
10,10009500,9.21,9.212,1.0,0.0,1.0,1.0,0.0,1.0,1.0,1.0
10,10009510,9.192,9.194,1.0,0.0,1.0,1.0,0.0,1.0,1.0,1.0
10,10009520,9.176,9.178,1.0,0.0,1.0,1.0,0.0,1.0,1.0,1.0
10,10009530,9.156,9.158,1.0,0.0,1.0,1.0,0.0,1.0,1.0,1.0
10,10009540,9.138,9.142,1.0,0.0,1.0,1.0,0.0,1.0,1.0,1.0
10,10009550,9.122,9.122,1.0,0.0,1.0,1.0,0.0,1.0,1.0,1.0
10,10009560,9.104,9.104,1.0,0.0,1.0,1.0,0.0,1.0,1.0,1.0
10,10009570,9.086,9.088,1.0,0.0,1.0,1.0,0.0,1.0,1.0,1.0
10,10009580,9.068,9.07,1.0,0.0,1.0,1.0,0.0,1.0,1.0,1.0
10,10009590,9.05,9.052,1.0,0.0,1.0,1.0,0.0,1.0,1.0,1.0
10,1000960,10.006,10.008,1.0,0.0,1.0,1.0,0.0,1.0,1.0,1.0
10,10009600,9.034,9.036,1.0,0.0,1.0,1.0,0.0,1.0,1.0,1.0
10,10009610,9.018,9.018,1.0,0.0,1.0,1.0,0.0,1.0,1.0,1.0
10,10009620,8.998,8.998,1.0,0.0,1.0,1.0,0.0,1.0,1.0,1.0
10,10009630,8.982,8.984,1.0,0.0,1.0,1.0,0.0,1.0,1.0,1.0
10,10009640,8.966,8.968,1.0,0.0,1.0,1.0,0.0,1.0,1.0,1.0
10,10009650,8.948,8.95,1.0,0.0,1.0,1.0,0.0,1.0,1.0,1.0
10,10009660,8.932,8.936,1.0,0.0,1.0,1.0,0.0,1.0,1.0,1.0
10,10009670,8.916,8.918,1.0,0.0,1.0,1.0,0.0,1.0,1.0,1.0
10,10009680,8.898,8.898,1.0,0.0,1.0,1.0,0.0,1.0,1.0,1.0
10,10009690,8.882,8.884,1.0,0.0,1.0,1.0,0.0,1.0,1.0,1.0
10,1000970,9.95,9.952,1.0,0.0,1.0,1.0,0.0,1.0,1.0,1.0
10,10009700,8.864,8.868,1.0,0.0,1.0,1.0,0.0,1.0,1.0,1.0
10,10009710,8.846,8.85,1.0,0.0,1.0,1.0,0.0,1.0,1.0,1.0
10,10009720,8.83,8.834,1.0,0.0,1.0,1.0,0.0,1.0,1.0,1.0
10,10009730,8.814,8.818,1.0,0.0,1.0,1.0,0.0,1.0,1.0,1.0
10,10009740,8.798,8.8,1.0,0.0,1.0,1.0,0.0,1.0,1.0,1.0
10,10009750,8.78,8.784,1.0,0.0,1.0,1.0,0.0,1.0,1.0,1.0
10,10009760,8.766,8.768,1.0,0.0,1.0,1.0,0.0,1.0,1.0,1.0
10,10009770,8.748,8.75,1.0,0.0,1.0,1.0,0.0,1.0,1.0,1.0
10,10009780,8.73,8.732,1.0,0.0,1.0,1.0,0.0,1.0,1.0,1.0
10,10009790,8.714,8.716,1.0,0.0,1.0,1.0,0.0,1.0,1.0,1.0
10,1000980,9.922,9.924,1.0,0.0,1.0,1.0,0.0,1.0,1.0,1.0
10,10009800,8.7,8.702,1.0,0.0,1.0,1.0,0.0,1.0,1.0,1.0
10,10009810,8.68,8.682,1.0,0.0,1.0,1.0,0.0,1.0,1.0,1.0
10,10009820,8.666,8.668,1.0,0.0,1.0,1.0,0.0,1.0,1.0,1.0
10,10009830,8.65,8.652,1.0,0.0,1.0,1.0,0.0,1.0,1.0,1.0
10,10009840,8.632,8.636,1.0,0.0,1.0,1.0,0.0,1.0,1.0,1.0
10,10009850,8.618,8.62,1.0,0.0,1.0,1.0,0.0,1.0,1.0,1.0
10,10009860,8.6,8.604,1.0,0.0,1.0,1.0,0.0,1.0,1.0,1.0
10,10009870,8.584,8.588,1.0,0.0,1.0,1.0,0.0,1.0,1.0,1.0
10,10009880,8.568,8.57,1.0,0.0,1.0,1.0,0.0,1.0,1.0,1.0
10,10009890,8.554,8.556,1.0,0.0,1.0,1.0,0.0,1.0,1.0,1.0
10,1000990,9.904,9.908,1.0,0.0,1.0,1.0,0.0,1.0,1.0,1.0
10,10009900,8.538,8.54,1.0,0.0,1.0,1.0,0.0,1.0,1.0,1.0
10,10009910,8.522,8.524,1.0,0.0,1.0,1.0,0.0,1.0,1.0,1.0
10,10009920,8.508,8.51,1.0,0.0,1.0,1.0,0.0,1.0,1.0,1.0
10,10009930,8.49,8.492,1.0,0.0,1.0,1.0,0.0,1.0,1.0,1.0
10,10009940,8.476,8.476,1.0,0.0,1.0,1.0,0.0,1.0,1.0,1.0
10,10009950,8.46,8.46,1.0,0.0,1.0,1.0,0.0,1.0,1.0,1.0
10,10009960,8.444,8.444,1.0,0.0,1.0,1.0,0.0,1.0,1.0,1.0
10,10009970,8.428,8.428,1.0,0.0,1.0,1.0,0.0,1.0,1.0,1.0
10,10009980,8.414,8.414,1.0,0.0,1.0,1.0,0.0,1.0,1.0,1.0
10,10009990,8.398,8.4,1.0,0.0,1.0,1.0,0.0,1.0,1.0,1.0
11,10010,9.546,9.548,1.0,0.0,1.0,1.0,0.0,1.0,1.0,1.0
11,100100,8.93,8.936,1.0,0.0,1.0,1.0,0.0,1.0,1.0,1.0
11,1001000,9.888,9.89,1.0,0.0,1.0,1.0,0.0,1.0,1.0,1.0
11,10010000,8.38,8.384,1.0,0.0,1.0,1.0,0.0,1.0,1.0,1.0
11,10010010,8.366,8.368,1.0,0.0,1.0,1.0,0.0,1.0,1.0,1.0
11,10010020,8.352,8.354,1.0,0.0,1.0,1.0,0.0,1.0,1.0,1.0
11,10010030,8.336,8.336,1.0,0.0,1.0,1.0,0.0,1.0,1.0,1.0
11,10010040,8.32,8.322,1.0,0.0,1.0,1.0,0.0,1.0,1.0,1.0
11,10010050,8.306,8.306,1.0,0.0,1.0,1.0,0.0,1.0,1.0,1.0
11,10010060,8.29,8.292,1.0,0.0,1.0,1.0,0.0,1.0,1.0,1.0
11,10010070,8.274,8.276,1.0,0.0,1.0,1.0,0.0,1.0,1.0,1.0
11,10010080,8.258,8.262,1.0,0.0,1.0,1.0,0.0,1.0,1.0,1.0
11,10010090,8.244,8.246,1.0,0.0,1.0,1.0,0.0,1.0,1.0,1.0
11,1001010,9.87,9.872,1.0,0.0,1.0,1.0,0.0,1.0,1.0,1.0
11,10010100,8.23,8.232,1.0,0.0,1.0,1.0,0.0,1.0,1.0,1.0
11,10010110,8.21,8.214,1.0,0.0,1.0,1.0,0.0,1.0,1.0,1.0
11,10010120,8.198,8.198,1.0,0.0,1.0,1.0,0.0,1.0,1.0,1.0
11,10010130,8.182,8.184,1.0,0.0,1.0,1.0,0.0,1.0,1.0,1.0
11,10010140,8.168,8.168,1.0,0.0,1.0,1.0,0.0,1.0,1.0,1.0
11,10010150,8.15,8.154,1.0,0.0,1.0,1.0,0.0,1.0,1.0,1.0
11,10010160,8.136,8.138,1.0,0.0,1.0,1.0,0.0,1.0,1.0,1.0
11,10010170,8.12,8.124,1.0,0.0,1.0,1.0,0.0,1.0,1.0,1.0
11,10010180,8.104,8.108,0.0,1.0,0.0,0.0,0.0,1.0,1.0,1.0
11,10010190,8.092,8.094,0.0,1.0,0.0,0.0,0.0,1.0,1.0,1.0
11,1001020,9.854,9.858,1.0,0.0,1.0,1.0,0.0,1.0,1.0,1.0
11,10010200,8.328,8.326,0.0,1.0,0.0,0.0,0.0,1.0,1.0,1.0
11,10010210,8.558,8.554,0.0,1.0,0.0,0.0,0.0,1.0,1.0,1.0
11,10010220,8.77,8.768,0.0,1.0,0.0,0.0,0.0,1.0,1.0,1.0
11,10010230,8.854,8.852,0.0,1.0,1.0,0.0,0.0,1.0,1.0,1.0
11,10010240,9.076,9.07,0.0,1.0,1.0,0.0,0.0,1.0,1.0,1.0
11,10010250,9.264,9.26,0.0,1.0,1.0,0.0,0.0,1.0,1.0,1.0
11,10010260,9.442,9.438,0.0,1.0,1.0,0.0,0.0,1.0,1.0,1.0
11,10010270,9.628,9.624,0.0,1.0,1.0,0.0,0.0,1.0,1.0,1.0
11,10010280,9.794,9.788,0.0,1.0,1.0,0.0,0.0,1.0,1.0,1.0
11,10010290,9.8,9.798,0.0,1.0,0.0,0.0,0.0,1.0,1.0,1.0
11,1001030,9.84,9.844,1.0,0.0,1.0,1.0,0.0,1.0,1.0,1.0
11,10010300,9.968,9.966,0.0,1.0,0.0,0.0,0.0,1.0,1.0,1.0
11,10010310,10.124,10.12,0.0,1.0,0.0,0.0,0.0,1.0,1.0,1.0
11,10010320,10.176,10.176,1.0,0.0,1.0,1.0,0.0,1.0,1.0,1.0
11,10010330,10.118,10.116,1.0,0.0,1.0,1.0,0.0,1.0,1.0,1.0
11,10010340,10.076,10.074,1.0,0.0,1.0,1.0,0.0,1.0,1.0,1.0
11,10010350,10.028,10.026,1.0,0.0,1.0,1.0,0.0,1.0,1.0,1.0
11,10010360,9.994,9.99,1.0,0.0,1.0,1.0,0.0,1.0,1.0,1.0
11,10010370,9.962,9.96,1.0,0.0,1.0,1.0,0.0,1.0,1.0,1.0
11,10010380,9.934,9.932,1.0,0.0,1.0,1.0,0.0,1.0,1.0,1.0
11,10010390,9.904,9.904,1.0,0.0,1.0,1.0,0.0,1.0,1.0,1.0
11,1001040,9.826,9.83,1.0,0.0,1.0,1.0,0.0,1.0,1.0,1.0
11,10010400,9.864,9.864,1.0,0.0,1.0,1.0,0.0,1.0,1.0,1.0
11,10010410,9.836,9.838,1.0,0.0,1.0,1.0,0.0,1.0,1.0,1.0
11,10010420,9.812,9.814,1.0,0.0,1.0,1.0,0.0,1.0,1.0,1.0
11,10010430,9.788,9.788,1.0,0.0,1.0,1.0,0.0,1.0,1.0,1.0
11,10010440,9.762,9.76,1.0,0.0,1.0,1.0,0.0,1.0,1.0,1.0
11,10010450,9.728,9.726,1.0,0.0,1.0,1.0,0.0,1.0,1.0,1.0
11,10010460,9.708,9.708,1.0,0.0,1.0,1.0,0.0,1.0,1.0,1.0
11,10010470,9.688,9.688,1.0,0.0,1.0,1.0,0.0,1.0,1.0,1.0
11,10010480,9.666,9.666,1.0,0.0,1.0,1.0,0.0,1.0,1.0,1.0
11,10010490,9.646,9.646,1.0,0.0,1.0,1.0,0.0,1.0,1.0,1.0
11,1001050,9.816,9.82,1.0,0.0,1.0,1.0,0.0,1.0,1.0,1.0
11,10010500,9.616,9.616,1.0,0.0,1.0,1.0,0.0,1.0,1.0,1.0
11,10010510,9.598,9.598,1.0,0.0,1.0,1.0,0.0,1.0,1.0,1.0
11,10010520,9.578,9.578,1.0,0.0,1.0,1.0,0.0,1.0,1.0,1.0
11,10010530,9.558,9.558,1.0,0.0,1.0,1.0,0.0,1.0,1.0,1.0
11,10010540,9.54,9.542,1.0,0.0,1.0,1.0,0.0,1.0,1.0,1.0
11,10010550,9.52,9.522,1.0,0.0,1.0,1.0,0.0,1.0,1.0,1.0
11,10010560,9.502,9.504,1.0,0.0,1.0,1.0,0.0,1.0,1.0,1.0
11,10010570,9.486,9.488,1.0,0.0,1.0,1.0,0.0,1.0,1.0,1.0
11,10010580,9.468,9.468,1.0,0.0,1.0,1.0,0.0,1.0,1.0,1.0
11,10010590,9.448,9.45,1.0,0.0,1.0,1.0,0.0,1.0,1.0,1.0
11,1001060,9.804,9.808,1.0,0.0,1.0,1.0,0.0,1.0,1.0,1.0
11,10010600,9.426,9.43,1.0,0.0,1.0,1.0,0.0,1.0,1.0,1.0
11,10010610,9.408,9.41,1.0,0.0,1.0,1.0,0.0,1.0,1.0,1.0
11,10010620,9.39,9.392,1.0,0.0,1.0,1.0,0.0,1.0,1.0,1.0
11,10010630,9.372,9.376,1.0,0.0,1.0,1.0,0.0,1.0,1.0,1.0
11,10010640,9.356,9.358,1.0,0.0,1.0,1.0,0.0,1.0,1.0,1.0
11,10010650,9.34,9.34,1.0,0.0,1.0,1.0,0.0,1.0,1.0,1.0
11,10010660,9.322,9.324,1.0,0.0,1.0,1.0,0.0,1.0,1.0,1.0
11,10010670,9.306,9.308,1.0,0.0,1.0,1.0,0.0,1.0,1.0,1.0
11,10010680,9.288,9.29,1.0,0.0,1.0,1.0,0.0,1.0,1.0,1.0
11,10010690,9.27,9.272,1.0,0.0,1.0,1.0,0.0,1.0,1.0,1.0
11,1001070,9.788,9.794,1.0,0.0,1.0,1.0,0.0,1.0,1.0,1.0
11,10010700,9.212,9.214,1.0,0.0,1.0,1.0,0.0,1.0,1.0,1.0
11,10010710,9.16,9.162,1.0,0.0,1.0,1.0,0.0,1.0,1.0,1.0
11,10010720,9.146,9.148,1.0,0.0,1.0,1.0,0.0,1.0,1.0,1.0
11,10010730,9.124,9.126,1.0,0.0,1.0,1.0,0.0,1.0,1.0,1.0
11,10010740,9.108,9.112,1.0,0.0,1.0,1.0,0.0,1.0,1.0,1.0
11,10010750,9.094,9.094,1.0,0.0,1.0,1.0,0.0,1.0,1.0,1.0
11,10010760,9.078,9.08,1.0,0.0,1.0,1.0,0.0,1.0,1.0,1.0
11,10010770,9.062,9.066,1.0,0.0,1.0,1.0,0.0,1.0,1.0,1.0
11,10010780,9.034,9.036,1.0,0.0,1.0,1.0,0.0,1.0,1.0,1.0
11,10010790,9.016,9.018,1.0,0.0,1.0,1.0,0.0,1.0,1.0,1.0
11,1001080,9.78,9.784,1.0,0.0,1.0,1.0,0.0,1.0,1.0,1.0
11,10010800,9.0,9.004,1.0,0.0,1.0,1.0,0.0,1.0,1.0,1.0
11,10010810,8.984,8.988,1.0,0.0,1.0,1.0,0.0,1.0,1.0,1.0
11,10010820,8.962,8.964,1.0,0.0,1.0,1.0,0.0,1.0,1.0,1.0
11,10010830,8.948,8.948,1.0,0.0,1.0,1.0,0.0,1.0,1.0,1.0
11,10010840,8.93,8.932,1.0,0.0,1.0,1.0,0.0,1.0,1.0,1.0
11,10010850,8.914,8.916,1.0,0.0,1.0,1.0,0.0,1.0,1.0,1.0
11,10010860,8.89,8.892,1.0,0.0,1.0,1.0,0.0,1.0,1.0,1.0
11,10010870,8.874,8.876,1.0,0.0,1.0,1.0,0.0,1.0,1.0,1.0
11,10010880,8.86,8.862,1.0,0.0,1.0,1.0,0.0,1.0,1.0,1.0
11,10010890,8.844,8.848,1.0,0.0,1.0,1.0,0.0,1.0,1.0,1.0
11,1001090,9.77,9.774,1.0,0.0,1.0,1.0,0.0,1.0,1.0,1.0
11,10010900,8.824,8.828,1.0,0.0,1.0,1.0,0.0,1.0,1.0,1.0
11,10010910,8.81,8.81,1.0,0.0,1.0,1.0,0.0,1.0,1.0,1.0
11,10010920,8.794,8.796,1.0,0.0,1.0,1.0,0.0,1.0,1.0,1.0
11,10010930,8.776,8.778,1.0,0.0,1.0,1.0,0.0,1.0,1.0,1.0
11,10010940,8.758,8.76,1.0,0.0,1.0,1.0,0.0,1.0,1.0,1.0
11,10010950,8.742,8.744,1.0,0.0,1.0,1.0,0.0,1.0,1.0,1.0
11,10010960,8.724,8.728,1.0,0.0,1.0,1.0,0.0,1.0,1.0,1.0
11,10010970,8.708,8.712,1.0,0.0,1.0,1.0,0.0,1.0,1.0,1.0
11,10010980,8.692,8.696,1.0,0.0,1.0,1.0,0.0,1.0,1.0,1.0
11,10010990,8.678,8.68,1.0,0.0,1.0,1.0,0.0,1.0,1.0,1.0
12,100110,8.9,8.906,1.0,0.0,1.0,1.0,0.0,1.0,1.0,1.0
12,1001100,9.76,9.764,1.0,0.0,1.0,1.0,0.0,1.0,1.0,1.0
12,10011000,8.66,8.664,1.0,0.0,1.0,1.0,0.0,1.0,1.0,1.0
12,10011010,8.644,8.648,1.0,0.0,1.0,1.0,0.0,1.0,1.0,1.0
12,10011020,8.628,8.63,1.0,0.0,1.0,1.0,0.0,1.0,1.0,1.0
12,10011030,8.61,8.614,1.0,0.0,1.0,1.0,0.0,1.0,1.0,1.0
12,10011040,8.596,8.598,1.0,0.0,1.0,1.0,0.0,1.0,1.0,1.0
12,10011050,8.578,8.58,1.0,0.0,1.0,1.0,0.0,1.0,1.0,1.0
12,10011060,8.562,8.566,1.0,0.0,1.0,1.0,0.0,1.0,1.0,1.0
12,10011070,8.546,8.548,1.0,0.0,1.0,1.0,0.0,1.0,1.0,1.0
12,10011080,8.532,8.536,1.0,0.0,1.0,1.0,0.0,1.0,1.0,1.0
12,10011090,8.516,8.516,1.0,0.0,1.0,1.0,0.0,1.0,1.0,1.0
12,1001110,9.746,9.748,1.0,0.0,1.0,1.0,0.0,1.0,1.0,1.0
12,10011100,8.498,8.5,1.0,0.0,1.0,1.0,0.0,1.0,1.0,1.0
12,10011110,8.482,8.486,1.0,0.0,1.0,1.0,0.0,1.0,1.0,1.0
12,10011120,8.466,8.468,1.0,0.0,1.0,1.0,0.0,1.0,1.0,1.0
12,10011130,8.448,8.452,1.0,0.0,1.0,1.0,0.0,1.0,1.0,1.0
12,10011140,8.432,8.436,1.0,0.0,1.0,1.0,0.0,1.0,1.0,1.0
12,10011150,8.418,8.42,1.0,0.0,1.0,1.0,0.0,1.0,1.0,1.0
12,10011160,8.402,8.406,1.0,0.0,1.0,1.0,0.0,1.0,1.0,1.0
12,10011170,8.386,8.388,1.0,0.0,1.0,1.0,0.0,1.0,1.0,1.0
12,10011180,8.37,8.37,1.0,0.0,1.0,1.0,0.0,1.0,1.0,1.0
12,10011190,8.352,8.354,1.0,0.0,1.0,1.0,0.0,1.0,1.0,1.0
12,1001120,9.736,9.74,1.0,0.0,1.0,1.0,0.0,1.0,1.0,1.0
12,10011200,8.336,8.338,1.0,0.0,1.0,1.0,0.0,1.0,1.0,1.0
12,10011210,8.322,8.324,1.0,0.0,1.0,1.0,0.0,1.0,1.0,1.0
12,10011220,8.306,8.308,1.0,0.0,1.0,1.0,0.0,1.0,1.0,1.0
12,10011230,8.29,8.292,1.0,0.0,1.0,1.0,0.0,1.0,1.0,1.0
12,10011240,8.274,8.276,1.0,0.0,1.0,1.0,0.0,1.0,1.0,1.0
12,10011250,8.258,8.262,1.0,0.0,1.0,1.0,0.0,1.0,1.0,1.0
12,10011260,8.242,8.244,1.0,0.0,1.0,1.0,0.0,1.0,1.0,1.0
12,10011270,8.226,8.228,1.0,0.0,1.0,1.0,0.0,1.0,1.0,1.0
12,10011280,8.212,8.212,1.0,0.0,1.0,1.0,0.0,1.0,1.0,1.0
12,10011290,8.196,8.198,1.0,0.0,1.0,1.0,0.0,1.0,1.0,1.0
12,1001130,9.724,9.728,1.0,0.0,1.0,1.0,0.0,1.0,1.0,1.0
12,10011300,8.178,8.182,1.0,0.0,1.0,1.0,0.0,1.0,1.0,1.0
12,10011310,8.164,8.168,1.0,0.0,1.0,1.0,0.0,1.0,1.0,1.0
12,10011320,8.15,8.152,1.0,0.0,1.0,1.0,0.0,1.0,1.0,1.0
12,10011330,8.132,8.136,1.0,0.0,1.0,1.0,0.0,1.0,1.0,1.0
12,10011340,8.118,8.12,1.0,0.0,1.0,1.0,0.0,1.0,1.0,1.0
12,10011350,8.1,8.104,0.0,1.0,0.0,0.0,0.0,1.0,1.0,1.0
12,10011360,8.086,8.088,0.0,1.0,0.0,0.0,0.0,1.0,1.0,1.0
12,10011370,8.326,8.324,0.0,1.0,0.0,0.0,0.0,1.0,1.0,1.0
12,10011380,8.444,8.44,0.0,1.0,1.0,0.0,0.0,1.0,1.0,1.0
12,10011390,8.664,8.662,0.0,1.0,1.0,0.0,0.0,1.0,1.0,1.0
12,1001140,9.712,9.716,1.0,0.0,1.0,1.0,0.0,1.0,1.0,1.0
12,10011400,8.896,8.894,0.0,1.0,1.0,0.0,0.0,1.0,1.0,1.0
12,10011410,9.094,9.09,0.0,1.0,1.0,0.0,0.0,1.0,1.0,1.0
12,10011420,9.28,9.278,0.0,1.0,1.0,0.0,0.0,1.0,1.0,1.0
12,10011430,9.46,9.456,0.0,1.0,1.0,0.0,0.0,1.0,1.0,1.0
12,10011440,9.496,9.494,0.0,1.0,0.0,0.0,0.0,1.0,1.0,1.0
12,10011450,9.66,9.658,0.0,1.0,0.0,0.0,0.0,1.0,1.0,1.0
12,10011460,9.822,9.818,0.0,1.0,0.0,0.0,0.0,1.0,1.0,1.0
12,10011470,9.988,9.986,0.0,1.0,0.0,0.0,0.0,1.0,1.0,1.0
12,10011480,10.138,10.136,0.0,1.0,0.0,0.0,0.0,1.0,1.0,1.0
12,10011490,10.172,10.17,1.0,0.0,1.0,1.0,0.0,1.0,1.0,1.0
12,1001150,9.704,9.708,1.0,0.0,1.0,1.0,0.0,1.0,1.0,1.0
12,10011500,10.118,10.118,1.0,0.0,1.0,1.0,0.0,1.0,1.0,1.0
12,10011510,10.074,10.07,1.0,0.0,1.0,1.0,0.0,1.0,1.0,1.0
12,10011520,10.034,10.032,1.0,0.0,1.0,1.0,0.0,1.0,1.0,1.0
12,10011530,10.002,10.0,1.0,0.0,1.0,1.0,0.0,1.0,1.0,1.0
12,10011540,9.968,9.968,1.0,0.0,1.0,1.0,0.0,1.0,1.0,1.0
12,10011550,9.938,9.938,1.0,0.0,1.0,1.0,0.0,1.0,1.0,1.0
12,10011560,9.912,9.912,1.0,0.0,1.0,1.0,0.0,1.0,1.0,1.0
12,10011570,9.886,9.884,1.0,0.0,1.0,1.0,0.0,1.0,1.0,1.0
12,10011580,9.86,9.858,1.0,0.0,1.0,1.0,0.0,1.0,1.0,1.0
12,10011590,9.836,9.836,1.0,0.0,1.0,1.0,0.0,1.0,1.0,1.0
12,1001160,9.694,9.698,1.0,0.0,1.0,1.0,0.0,1.0,1.0,1.0
12,10011600,9.814,9.816,1.0,0.0,1.0,1.0,0.0,1.0,1.0,1.0
12,10011610,9.79,9.788,1.0,0.0,1.0,1.0,0.0,1.0,1.0,1.0
12,10011620,9.77,9.768,1.0,0.0,1.0,1.0,0.0,1.0,1.0,1.0
12,10011630,9.746,9.746,1.0,0.0,1.0,1.0,0.0,1.0,1.0,1.0
12,10011640,9.726,9.724,1.0,0.0,1.0,1.0,0.0,1.0,1.0,1.0
12,10011650,9.706,9.704,1.0,0.0,1.0,1.0,0.0,1.0,1.0,1.0
12,10011660,9.684,9.686,1.0,0.0,1.0,1.0,0.0,1.0,1.0,1.0
12,10011670,9.666,9.666,1.0,0.0,1.0,1.0,0.0,1.0,1.0,1.0
12,10011680,9.646,9.648,1.0,0.0,1.0,1.0,0.0,1.0,1.0,1.0
12,10011690,9.626,9.626,1.0,0.0,1.0,1.0,0.0,1.0,1.0,1.0
12,1001170,9.684,9.688,1.0,0.0,1.0,1.0,0.0,1.0,1.0,1.0
12,10011700,9.608,9.608,1.0,0.0,1.0,1.0,0.0,1.0,1.0,1.0
12,10011710,9.588,9.588,1.0,0.0,1.0,1.0,0.0,1.0,1.0,1.0
12,10011720,9.57,9.568,1.0,0.0,1.0,1.0,0.0,1.0,1.0,1.0
12,10011730,9.552,9.552,1.0,0.0,1.0,1.0,0.0,1.0,1.0,1.0
12,10011740,9.532,9.532,1.0,0.0,1.0,1.0,0.0,1.0,1.0,1.0
12,10011750,9.516,9.516,1.0,0.0,1.0,1.0,0.0,1.0,1.0,1.0
12,10011760,9.496,9.496,1.0,0.0,1.0,1.0,0.0,1.0,1.0,1.0
12,10011770,9.48,9.48,1.0,0.0,1.0,1.0,0.0,1.0,1.0,1.0
12,10011780,9.462,9.462,1.0,0.0,1.0,1.0,0.0,1.0,1.0,1.0
12,10011790,9.444,9.444,1.0,0.0,1.0,1.0,0.0,1.0,1.0,1.0
12,1001180,9.676,9.68,1.0,0.0,1.0,1.0,0.0,1.0,1.0,1.0
12,10011800,9.426,9.426,1.0,0.0,1.0,1.0,0.0,1.0,1.0,1.0
12,10011810,9.408,9.408,1.0,0.0,1.0,1.0,0.0,1.0,1.0,1.0
12,10011820,9.39,9.392,1.0,0.0,1.0,1.0,0.0,1.0,1.0,1.0
12,10011830,9.374,9.374,1.0,0.0,1.0,1.0,0.0,1.0,1.0,1.0
12,10011840,9.358,9.358,1.0,0.0,1.0,1.0,0.0,1.0,1.0,1.0
12,10011850,9.34,9.34,1.0,0.0,1.0,1.0,0.0,1.0,1.0,1.0
12,10011860,9.326,9.326,1.0,0.0,1.0,1.0,0.0,1.0,1.0,1.0
12,10011870,9.308,9.308,1.0,0.0,1.0,1.0,0.0,1.0,1.0,1.0
12,10011880,9.292,9.292,1.0,0.0,1.0,1.0,0.0,1.0,1.0,1.0
12,10011890,9.26,9.26,1.0,0.0,1.0,1.0,0.0,1.0,1.0,1.0
12,1001190,9.664,9.668,1.0,0.0,1.0,1.0,0.0,1.0,1.0,1.0
12,10011900,9.08,9.08,1.0,0.0,1.0,1.0,0.0,1.0,1.0,1.0
12,10011910,9.03,9.032,1.0,0.0,1.0,1.0,0.0,1.0,1.0,1.0
12,10011920,9.022,9.022,1.0,0.0,1.0,1.0,0.0,1.0,1.0,1.0
12,10011930,9.012,9.014,1.0,0.0,1.0,1.0,0.0,1.0,1.0,1.0
12,10011940,9.002,9.002,1.0,0.0,1.0,1.0,0.0,1.0,1.0,1.0
12,10011950,8.988,8.99,1.0,0.0,1.0,1.0,0.0,1.0,1.0,1.0
12,10011960,8.972,8.974,1.0,0.0,1.0,1.0,0.0,1.0,1.0,1.0
12,10011970,8.958,8.958,1.0,0.0,1.0,1.0,0.0,1.0,1.0,1.0
12,10011980,8.946,8.948,1.0,0.0,1.0,1.0,0.0,1.0,1.0,1.0
12,10011990,8.928,8.93,1.0,0.0,1.0,1.0,0.0,1.0,1.0,1.0
13,100120,8.896,8.9,1.0,0.0,1.0,1.0,0.0,1.0,1.0,1.0
13,1001200,9.656,9.66,1.0,0.0,1.0,1.0,0.0,1.0,1.0,1.0
13,10012000,8.914,8.916,1.0,0.0,1.0,1.0,0.0,1.0,1.0,1.0
13,10012010,8.898,8.902,1.0,0.0,1.0,1.0,0.0,1.0,1.0,1.0
13,10012020,8.884,8.888,1.0,0.0,1.0,1.0,0.0,1.0,1.0,1.0
13,10012030,8.816,8.818,1.0,0.0,1.0,1.0,0.0,1.0,1.0,1.0
13,10012040,8.644,8.646,1.0,0.0,1.0,1.0,0.0,1.0,1.0,1.0
13,10012050,8.528,8.53,1.0,0.0,1.0,1.0,0.0,1.0,1.0,1.0
13,10012060,8.528,8.53,1.0,0.0,1.0,1.0,0.0,1.0,1.0,1.0
13,10012070,8.52,8.524,1.0,0.0,1.0,1.0,0.0,1.0,1.0,1.0
13,10012080,8.442,8.444,1.0,0.0,1.0,1.0,0.0,1.0,1.0,1.0
13,10012090,8.306,8.308,1.0,0.0,1.0,1.0,0.0,1.0,1.0,1.0
13,1001210,9.646,9.648,1.0,0.0,1.0,1.0,0.0,1.0,1.0,1.0
13,10012100,8.302,8.304,1.0,0.0,1.0,1.0,0.0,1.0,1.0,1.0
13,10012110,8.298,8.3,1.0,0.0,1.0,1.0,0.0,1.0,1.0,1.0
13,10012120,8.29,8.292,1.0,0.0,1.0,1.0,0.0,1.0,1.0,1.0
13,10012130,8.28,8.282,1.0,0.0,1.0,1.0,0.0,1.0,1.0,1.0
13,10012140,8.272,8.272,1.0,0.0,1.0,1.0,0.0,1.0,1.0,1.0
13,10012150,8.264,8.264,1.0,0.0,1.0,1.0,0.0,1.0,1.0,1.0
13,10012160,8.252,8.254,1.0,0.0,1.0,1.0,0.0,1.0,1.0,1.0
13,10012170,8.238,8.242,1.0,0.0,1.0,1.0,0.0,1.0,1.0,1.0
13,10012180,8.226,8.23,1.0,0.0,1.0,1.0,0.0,1.0,1.0,1.0
13,10012190,8.036,8.04,0.0,1.0,0.0,0.0,0.0,1.0,1.0,1.0
13,1001220,9.634,9.638,1.0,0.0,1.0,1.0,0.0,1.0,1.0,1.0
13,10012200,8.008,8.01,0.0,1.0,1.0,0.0,0.0,1.0,1.0,1.0
13,10012210,8.202,8.204,0.0,1.0,1.0,0.0,0.0,1.0,1.0,1.0
13,10012220,8.44,8.438,0.0,1.0,1.0,0.0,0.0,1.0,1.0,1.0
13,10012230,8.682,8.68,0.0,1.0,1.0,0.0,0.0,1.0,1.0,1.0
13,10012240,8.89,8.888,0.0,1.0,1.0,0.0,0.0,1.0,1.0,1.0
13,10012250,9.086,9.084,0.0,1.0,1.0,0.0,0.0,1.0,1.0,1.0
13,10012260,9.144,9.142,0.0,1.0,0.0,0.0,0.0,1.0,1.0,1.0
13,10012270,9.318,9.314,0.0,1.0,0.0,0.0,0.0,1.0,1.0,1.0
13,10012280,9.486,9.484,0.0,1.0,0.0,0.0,0.0,1.0,1.0,1.0
13,10012290,9.654,9.65,0.0,1.0,0.0,0.0,0.0,1.0,1.0,1.0
13,1001230,9.624,9.628,1.0,0.0,1.0,1.0,0.0,1.0,1.0,1.0
13,10012300,9.824,9.822,0.0,1.0,0.0,0.0,0.0,1.0,1.0,1.0
13,10012310,9.976,9.97,0.0,1.0,0.0,0.0,0.0,1.0,1.0,1.0
13,10012320,10.004,10.002,0.0,1.0,1.0,0.0,0.0,1.0,1.0,1.0
13,10012330,10.172,10.17,0.0,1.0,1.0,0.0,0.0,1.0,1.0,1.0
13,10012340,10.172,10.17,1.0,0.0,1.0,1.0,0.0,1.0,1.0,1.0
13,10012350,10.122,10.122,1.0,0.0,1.0,1.0,0.0,1.0,1.0,1.0
13,10012360,10.076,10.072,1.0,0.0,1.0,1.0,0.0,1.0,1.0,1.0
13,10012370,10.006,10.002,1.0,0.0,1.0,1.0,0.0,1.0,1.0,1.0
13,10012380,9.974,9.972,1.0,0.0,1.0,1.0,0.0,1.0,1.0,1.0
13,10012390,9.946,9.942,1.0,0.0,1.0,1.0,0.0,1.0,1.0,1.0
13,1001240,9.614,9.618,1.0,0.0,1.0,1.0,0.0,1.0,1.0,1.0
13,10012400,9.916,9.914,1.0,0.0,1.0,1.0,0.0,1.0,1.0,1.0
13,10012410,9.892,9.89,1.0,0.0,1.0,1.0,0.0,1.0,1.0,1.0
13,10012420,9.866,9.864,1.0,0.0,1.0,1.0,0.0,1.0,1.0,1.0
13,10012430,9.84,9.84,1.0,0.0,1.0,1.0,0.0,1.0,1.0,1.0
13,10012440,9.818,9.818,1.0,0.0,1.0,1.0,0.0,1.0,1.0,1.0
13,10012450,9.794,9.798,1.0,0.0,1.0,1.0,0.0,1.0,1.0,1.0
13,10012460,9.77,9.77,1.0,0.0,1.0,1.0,0.0,1.0,1.0,1.0
13,10012470,9.748,9.748,1.0,0.0,1.0,1.0,0.0,1.0,1.0,1.0
13,10012480,9.724,9.722,1.0,0.0,1.0,1.0,0.0,1.0,1.0,1.0
13,10012490,9.698,9.698,1.0,0.0,1.0,1.0,0.0,1.0,1.0,1.0
13,1001250,9.606,9.612,1.0,0.0,1.0,1.0,0.0,1.0,1.0,1.0
13,10012500,9.672,9.674,1.0,0.0,1.0,1.0,0.0,1.0,1.0,1.0
13,10012510,9.656,9.656,1.0,0.0,1.0,1.0,0.0,1.0,1.0,1.0
13,10012520,9.636,9.636,1.0,0.0,1.0,1.0,0.0,1.0,1.0,1.0
13,10012530,9.616,9.616,1.0,0.0,1.0,1.0,0.0,1.0,1.0,1.0
13,10012540,9.564,9.566,1.0,0.0,1.0,1.0,0.0,1.0,1.0,1.0
13,10012550,9.546,9.548,1.0,0.0,1.0,1.0,0.0,1.0,1.0,1.0
13,10012560,9.526,9.53,1.0,0.0,1.0,1.0,0.0,1.0,1.0,1.0
13,10012570,9.508,9.508,1.0,0.0,1.0,1.0,0.0,1.0,1.0,1.0
13,10012580,9.482,9.484,1.0,0.0,1.0,1.0,0.0,1.0,1.0,1.0
13,10012590,9.454,9.452,1.0,0.0,1.0,1.0,0.0,1.0,1.0,1.0
13,1001260,9.596,9.602,1.0,0.0,1.0,1.0,0.0,1.0,1.0,1.0
13,10012600,9.436,9.438,1.0,0.0,1.0,1.0,0.0,1.0,1.0,1.0
13,10012610,9.416,9.418,1.0,0.0,1.0,1.0,0.0,1.0,1.0,1.0
13,10012620,9.398,9.4,1.0,0.0,1.0,1.0,0.0,1.0,1.0,1.0
13,10012630,9.382,9.382,1.0,0.0,1.0,1.0,0.0,1.0,1.0,1.0
13,10012640,9.364,9.366,1.0,0.0,1.0,1.0,0.0,1.0,1.0,1.0
13,10012650,9.344,9.344,1.0,0.0,1.0,1.0,0.0,1.0,1.0,1.0
13,10012660,9.326,9.328,1.0,0.0,1.0,1.0,0.0,1.0,1.0,1.0
13,10012670,9.302,9.304,1.0,0.0,1.0,1.0,0.0,1.0,1.0,1.0
13,10012680,9.214,9.214,1.0,0.0,1.0,1.0,0.0,1.0,1.0,1.0
13,10012690,9.202,9.204,1.0,0.0,1.0,1.0,0.0,1.0,1.0,1.0
13,1001270,9.584,9.588,1.0,0.0,1.0,1.0,0.0,1.0,1.0,1.0
13,10012700,9.184,9.188,1.0,0.0,1.0,1.0,0.0,1.0,1.0,1.0
13,10012710,9.168,9.17,1.0,0.0,1.0,1.0,0.0,1.0,1.0,1.0
13,10012720,9.132,9.132,1.0,0.0,1.0,1.0,0.0,1.0,1.0,1.0
13,10012730,9.118,9.118,1.0,0.0,1.0,1.0,0.0,1.0,1.0,1.0
13,10012740,9.1,9.102,1.0,0.0,1.0,1.0,0.0,1.0,1.0,1.0
13,10012750,9.084,9.086,1.0,0.0,1.0,1.0,0.0,1.0,1.0,1.0
13,10012760,9.064,9.066,1.0,0.0,1.0,1.0,0.0,1.0,1.0,1.0
13,10012770,9.026,9.028,1.0,0.0,1.0,1.0,0.0,1.0,1.0,1.0
13,10012780,9.006,9.008,1.0,0.0,1.0,1.0,0.0,1.0,1.0,1.0
13,10012790,8.99,8.992,1.0,0.0,1.0,1.0,0.0,1.0,1.0,1.0
13,1001280,9.572,9.576,1.0,0.0,1.0,1.0,0.0,1.0,1.0,1.0
13,10012800,8.952,8.952,1.0,0.0,1.0,1.0,0.0,1.0,1.0,1.0
13,10012810,8.938,8.938,1.0,0.0,1.0,1.0,0.0,1.0,1.0,1.0
13,10012820,8.92,8.92,1.0,0.0,1.0,1.0,0.0,1.0,1.0,1.0
13,10012830,8.906,8.908,1.0,0.0,1.0,1.0,0.0,1.0,1.0,1.0
13,10012840,8.888,8.89,1.0,0.0,1.0,1.0,0.0,1.0,1.0,1.0
13,10012850,8.872,8.872,1.0,0.0,1.0,1.0,0.0,1.0,1.0,1.0
13,10012860,8.858,8.858,1.0,0.0,1.0,1.0,0.0,1.0,1.0,1.0
13,10012870,8.838,8.842,1.0,0.0,1.0,1.0,0.0,1.0,1.0,1.0
13,10012880,8.81,8.814,1.0,0.0,1.0,1.0,0.0,1.0,1.0,1.0
13,10012890,8.6,8.602,1.0,0.0,1.0,1.0,0.0,1.0,1.0,1.0
13,1001290,9.562,9.566,1.0,0.0,1.0,1.0,0.0,1.0,1.0,1.0
13,10012900,8.588,8.59,1.0,0.0,1.0,1.0,0.0,1.0,1.0,1.0
13,10012910,8.58,8.582,1.0,0.0,1.0,1.0,0.0,1.0,1.0,1.0
13,10012920,8.568,8.57,1.0,0.0,1.0,1.0,0.0,1.0,1.0,1.0
13,10012930,8.558,8.56,1.0,0.0,1.0,1.0,0.0,1.0,1.0,1.0
13,10012940,8.546,8.548,1.0,0.0,1.0,1.0,0.0,1.0,1.0,1.0
13,10012950,8.534,8.536,1.0,0.0,1.0,1.0,0.0,1.0,1.0,1.0
13,10012960,8.52,8.524,1.0,0.0,1.0,1.0,0.0,1.0,1.0,1.0
13,10012970,8.504,8.508,1.0,0.0,1.0,1.0,0.0,1.0,1.0,1.0
13,10012980,8.492,8.498,1.0,0.0,1.0,1.0,0.0,1.0,1.0,1.0
13,10012990,8.478,8.482,1.0,0.0,1.0,1.0,0.0,1.0,1.0,1.0
14,100130,8.882,8.888,1.0,0.0,1.0,1.0,0.0,1.0,1.0,1.0
14,1001300,9.554,9.558,1.0,0.0,1.0,1.0,0.0,1.0,1.0,1.0
14,10013000,8.464,8.47,1.0,0.0,1.0,1.0,0.0,1.0,1.0,1.0
14,10013010,8.45,8.454,1.0,0.0,1.0,1.0,0.0,1.0,1.0,1.0
14,10013020,8.438,8.44,1.0,0.0,1.0,1.0,0.0,1.0,1.0,1.0
14,10013030,8.424,8.426,1.0,0.0,1.0,1.0,0.0,1.0,1.0,1.0
14,10013040,8.408,8.412,1.0,0.0,1.0,1.0,0.0,1.0,1.0,1.0
14,10013050,8.394,8.398,1.0,0.0,1.0,1.0,0.0,1.0,1.0,1.0
14,10013060,8.38,8.382,1.0,0.0,1.0,1.0,0.0,1.0,1.0,1.0
14,10013070,8.366,8.366,1.0,0.0,1.0,1.0,0.0,1.0,1.0,1.0
14,10013080,8.354,8.356,1.0,0.0,1.0,1.0,0.0,1.0,1.0,1.0
14,10013090,8.336,8.34,1.0,0.0,1.0,1.0,0.0,1.0,1.0,1.0
14,1001310,9.544,9.548,1.0,0.0,1.0,1.0,0.0,1.0,1.0,1.0
14,10013100,8.324,8.328,1.0,0.0,1.0,1.0,0.0,1.0,1.0,1.0
14,10013110,8.31,8.314,1.0,0.0,1.0,1.0,0.0,1.0,1.0,1.0
14,10013120,8.296,8.298,1.0,0.0,1.0,1.0,0.0,1.0,1.0,1.0
14,10013130,8.282,8.286,1.0,0.0,1.0,1.0,0.0,1.0,1.0,1.0
14,10013140,8.266,8.27,1.0,0.0,1.0,1.0,0.0,1.0,1.0,1.0
14,10013150,8.252,8.258,1.0,0.0,1.0,1.0,0.0,1.0,1.0,1.0
14,10013160,8.24,8.244,1.0,0.0,1.0,1.0,0.0,1.0,1.0,1.0
14,10013170,8.226,8.228,1.0,0.0,1.0,1.0,0.0,1.0,1.0,1.0
14,10013180,8.212,8.214,1.0,0.0,1.0,1.0,0.0,1.0,1.0,1.0
14,10013190,8.2,8.202,1.0,0.0,1.0,1.0,0.0,1.0,1.0,1.0
14,1001320,9.534,9.538,1.0,0.0,1.0,1.0,0.0,1.0,1.0,1.0
14,10013200,8.186,8.188,1.0,0.0,1.0,1.0,0.0,1.0,1.0,1.0
14,10013210,8.172,8.174,1.0,0.0,1.0,1.0,0.0,1.0,1.0,1.0
14,10013220,8.158,8.162,1.0,0.0,1.0,1.0,0.0,1.0,1.0,1.0
14,10013230,8.144,8.146,1.0,0.0,1.0,1.0,0.0,1.0,1.0,1.0
14,10013240,8.128,8.134,1.0,0.0,1.0,1.0,0.0,1.0,1.0,1.0
14,10013250,8.118,8.12,1.0,0.0,1.0,1.0,0.0,1.0,1.0,1.0
14,10013260,8.102,8.104,0.0,1.0,1.0,0.0,0.0,1.0,1.0,1.0
14,10013270,8.21,8.21,0.0,1.0,1.0,0.0,0.0,1.0,1.0,1.0
14,10013280,8.45,8.448,0.0,1.0,1.0,0.0,0.0,1.0,1.0,1.0
14,10013290,8.694,8.694,0.0,1.0,1.0,0.0,0.0,1.0,1.0,1.0
14,1001330,9.524,9.53,1.0,0.0,1.0,1.0,0.0,1.0,1.0,1.0
14,10013300,8.758,8.758,0.0,1.0,0.0,0.0,0.0,1.0,1.0,1.0
14,10013310,8.964,8.96,0.0,1.0,0.0,0.0,0.0,1.0,1.0,1.0
14,10013320,9.152,9.152,0.0,1.0,0.0,0.0,0.0,1.0,1.0,1.0
14,10013330,9.346,9.346,0.0,1.0,0.0,0.0,0.0,1.0,1.0,1.0
14,10013340,9.52,9.518,0.0,1.0,0.0,0.0,0.0,1.0,1.0,1.0
14,10013350,9.684,9.68,0.0,1.0,0.0,0.0,0.0,1.0,1.0,1.0
14,10013360,9.732,9.73,0.0,1.0,1.0,0.0,0.0,1.0,1.0,1.0
14,10013370,9.898,9.894,0.0,1.0,1.0,0.0,0.0,1.0,1.0,1.0
14,10013380,10.06,10.056,0.0,1.0,1.0,0.0,0.0,1.0,1.0,1.0
14,10013390,10.208,10.208,1.0,0.0,1.0,1.0,0.0,1.0,1.0,1.0
14,1001340,9.512,9.518,1.0,0.0,1.0,1.0,0.0,1.0,1.0,1.0
14,10013400,10.152,10.148,1.0,0.0,1.0,1.0,0.0,1.0,1.0,1.0
14,10013410,10.106,10.102,1.0,0.0,1.0,1.0,0.0,1.0,1.0,1.0
14,10013420,10.064,10.062,1.0,0.0,1.0,1.0,0.0,1.0,1.0,1.0
14,10013430,10.024,10.024,1.0,0.0,1.0,1.0,0.0,1.0,1.0,1.0
14,10013440,9.994,9.99,1.0,0.0,1.0,1.0,0.0,1.0,1.0,1.0
14,10013450,9.966,9.964,1.0,0.0,1.0,1.0,0.0,1.0,1.0,1.0
14,10013460,9.936,9.934,1.0,0.0,1.0,1.0,0.0,1.0,1.0,1.0
14,10013470,9.91,9.908,1.0,0.0,1.0,1.0,0.0,1.0,1.0,1.0
14,10013480,9.886,9.888,1.0,0.0,1.0,1.0,0.0,1.0,1.0,1.0
14,10013490,9.862,9.862,1.0,0.0,1.0,1.0,0.0,1.0,1.0,1.0
14,1001350,9.502,9.508,1.0,0.0,1.0,1.0,0.0,1.0,1.0,1.0
14,10013500,9.838,9.838,1.0,0.0,1.0,1.0,0.0,1.0,1.0,1.0
14,10013510,9.816,9.816,1.0,0.0,1.0,1.0,0.0,1.0,1.0,1.0
14,10013520,9.794,9.794,1.0,0.0,1.0,1.0,0.0,1.0,1.0,1.0
14,10013530,9.774,9.772,1.0,0.0,1.0,1.0,0.0,1.0,1.0,1.0
14,10013540,9.752,9.754,1.0,0.0,1.0,1.0,0.0,1.0,1.0,1.0
14,10013550,9.73,9.73,1.0,0.0,1.0,1.0,0.0,1.0,1.0,1.0
14,10013560,9.708,9.71,1.0,0.0,1.0,1.0,0.0,1.0,1.0,1.0
14,10013570,9.69,9.69,1.0,0.0,1.0,1.0,0.0,1.0,1.0,1.0
14,10013580,9.672,9.672,1.0,0.0,1.0,1.0,0.0,1.0,1.0,1.0
14,10013590,9.654,9.652,1.0,0.0,1.0,1.0,0.0,1.0,1.0,1.0
14,1001360,9.494,9.496,1.0,0.0,1.0,1.0,0.0,1.0,1.0,1.0
14,10013600,9.634,9.634,1.0,0.0,1.0,1.0,0.0,1.0,1.0,1.0
14,10013610,9.614,9.614,1.0,0.0,1.0,1.0,0.0,1.0,1.0,1.0
14,10013620,9.598,9.596,1.0,0.0,1.0,1.0,0.0,1.0,1.0,1.0
14,10013630,9.576,9.578,1.0,0.0,1.0,1.0,0.0,1.0,1.0,1.0
14,10013640,9.56,9.558,1.0,0.0,1.0,1.0,0.0,1.0,1.0,1.0
14,10013650,9.542,9.542,1.0,0.0,1.0,1.0,0.0,1.0,1.0,1.0
14,10013660,9.524,9.524,1.0,0.0,1.0,1.0,0.0,1.0,1.0,1.0
14,10013670,9.504,9.506,1.0,0.0,1.0,1.0,0.0,1.0,1.0,1.0
14,10013680,9.488,9.488,1.0,0.0,1.0,1.0,0.0,1.0,1.0,1.0
14,10013690,9.472,9.474,1.0,0.0,1.0,1.0,0.0,1.0,1.0,1.0
14,1001370,9.484,9.486,1.0,0.0,1.0,1.0,0.0,1.0,1.0,1.0
14,10013700,9.454,9.454,1.0,0.0,1.0,1.0,0.0,1.0,1.0,1.0
14,10013710,9.438,9.44,1.0,0.0,1.0,1.0,0.0,1.0,1.0,1.0
14,10013720,9.418,9.42,1.0,0.0,1.0,1.0,0.0,1.0,1.0,1.0
14,10013730,9.4,9.402,1.0,0.0,1.0,1.0,0.0,1.0,1.0,1.0
14,10013740,9.382,9.386,1.0,0.0,1.0,1.0,0.0,1.0,1.0,1.0
14,10013750,9.366,9.37,1.0,0.0,1.0,1.0,0.0,1.0,1.0,1.0
14,10013760,9.352,9.354,1.0,0.0,1.0,1.0,0.0,1.0,1.0,1.0
14,10013770,9.334,9.338,1.0,0.0,1.0,1.0,0.0,1.0,1.0,1.0
14,10013780,9.318,9.322,1.0,0.0,1.0,1.0,0.0,1.0,1.0,1.0
14,10013790,9.298,9.302,1.0,0.0,1.0,1.0,0.0,1.0,1.0,1.0
14,1001380,9.474,9.476,1.0,0.0,1.0,1.0,0.0,1.0,1.0,1.0
14,10013800,9.286,9.288,1.0,0.0,1.0,1.0,0.0,1.0,1.0,1.0
14,10013810,9.268,9.27,1.0,0.0,1.0,1.0,0.0,1.0,1.0,1.0
14,10013820,9.252,9.256,1.0,0.0,1.0,1.0,0.0,1.0,1.0,1.0
14,10013830,9.234,9.236,1.0,0.0,1.0,1.0,0.0,1.0,1.0,1.0
14,10013840,9.218,9.22,1.0,0.0,1.0,1.0,0.0,1.0,1.0,1.0
14,10013850,9.202,9.204,1.0,0.0,1.0,1.0,0.0,1.0,1.0,1.0
14,10013860,9.184,9.188,1.0,0.0,1.0,1.0,0.0,1.0,1.0,1.0
14,10013870,9.168,9.168,1.0,0.0,1.0,1.0,0.0,1.0,1.0,1.0
14,10013880,9.15,9.152,1.0,0.0,1.0,1.0,0.0,1.0,1.0,1.0
14,10013890,9.134,9.136,1.0,0.0,1.0,1.0,0.0,1.0,1.0,1.0
14,1001390,9.466,9.468,1.0,0.0,1.0,1.0,0.0,1.0,1.0,1.0
14,10013900,9.116,9.12,1.0,0.0,1.0,1.0,0.0,1.0,1.0,1.0
14,10013910,9.1,9.102,1.0,0.0,1.0,1.0,0.0,1.0,1.0,1.0
14,10013920,9.082,9.084,1.0,0.0,1.0,1.0,0.0,1.0,1.0,1.0
14,10013930,9.064,9.068,1.0,0.0,1.0,1.0,0.0,1.0,1.0,1.0
14,10013940,9.048,9.052,1.0,0.0,1.0,1.0,0.0,1.0,1.0,1.0
14,10013950,9.032,9.036,1.0,0.0,1.0,1.0,0.0,1.0,1.0,1.0
14,10013960,9.012,9.018,1.0,0.0,1.0,1.0,0.0,1.0,1.0,1.0
14,10013970,8.998,8.998,1.0,0.0,1.0,1.0,0.0,1.0,1.0,1.0
14,10013980,8.978,8.984,1.0,0.0,1.0,1.0,0.0,1.0,1.0,1.0
14,10013990,8.962,8.966,1.0,0.0,1.0,1.0,0.0,1.0,1.0,1.0
15,100140,8.868,8.874,1.0,0.0,1.0,1.0,0.0,1.0,1.0,1.0
15,1001400,9.456,9.456,1.0,0.0,1.0,1.0,0.0,1.0,1.0,1.0
15,10014000,8.946,8.948,1.0,0.0,1.0,1.0,0.0,1.0,1.0,1.0
15,10014010,8.93,8.932,1.0,0.0,1.0,1.0,0.0,1.0,1.0,1.0
15,10014020,8.912,8.914,1.0,0.0,1.0,1.0,0.0,1.0,1.0,1.0
15,10014030,8.896,8.9,1.0,0.0,1.0,1.0,0.0,1.0,1.0,1.0
15,10014040,8.88,8.882,1.0,0.0,1.0,1.0,0.0,1.0,1.0,1.0
15,10014050,8.862,8.864,1.0,0.0,1.0,1.0,0.0,1.0,1.0,1.0
15,10014060,8.844,8.848,1.0,0.0,1.0,1.0,0.0,1.0,1.0,1.0
15,10014070,8.83,8.832,1.0,0.0,1.0,1.0,0.0,1.0,1.0,1.0
15,10014080,8.812,8.814,1.0,0.0,1.0,1.0,0.0,1.0,1.0,1.0
15,10014090,8.794,8.798,1.0,0.0,1.0,1.0,0.0,1.0,1.0,1.0
15,1001410,9.444,9.448,1.0,0.0,1.0,1.0,0.0,1.0,1.0,1.0
15,10014100,8.776,8.78,1.0,0.0,1.0,1.0,0.0,1.0,1.0,1.0
15,10014110,8.762,8.766,1.0,0.0,1.0,1.0,0.0,1.0,1.0,1.0
15,10014120,8.744,8.748,1.0,0.0,1.0,1.0,0.0,1.0,1.0,1.0
15,10014130,8.726,8.73,1.0,0.0,1.0,1.0,0.0,1.0,1.0,1.0
15,10014140,8.712,8.714,1.0,0.0,1.0,1.0,0.0,1.0,1.0,1.0
15,10014150,8.694,8.698,1.0,0.0,1.0,1.0,0.0,1.0,1.0,1.0
15,10014160,8.68,8.682,1.0,0.0,1.0,1.0,0.0,1.0,1.0,1.0
15,10014170,8.664,8.666,1.0,0.0,1.0,1.0,0.0,1.0,1.0,1.0
15,10014180,8.646,8.648,1.0,0.0,1.0,1.0,0.0,1.0,1.0,1.0
15,10014190,8.63,8.632,1.0,0.0,1.0,1.0,0.0,1.0,1.0,1.0
15,1001420,9.434,9.438,1.0,0.0,1.0,1.0,0.0,1.0,1.0,1.0
15,10014200,8.612,8.616,1.0,0.0,1.0,1.0,0.0,1.0,1.0,1.0
15,10014210,8.598,8.602,1.0,0.0,1.0,1.0,0.0,1.0,1.0,1.0
15,10014220,8.58,8.584,1.0,0.0,1.0,1.0,0.0,1.0,1.0,1.0
15,10014230,8.564,8.568,1.0,0.0,1.0,1.0,0.0,1.0,1.0,1.0
15,10014240,8.55,8.552,1.0,0.0,1.0,1.0,0.0,1.0,1.0,1.0
15,10014250,8.534,8.538,1.0,0.0,1.0,1.0,0.0,1.0,1.0,1.0
15,10014260,8.518,8.52,1.0,0.0,1.0,1.0,0.0,1.0,1.0,1.0
15,10014270,8.502,8.504,1.0,0.0,1.0,1.0,0.0,1.0,1.0,1.0
15,10014280,8.486,8.488,1.0,0.0,1.0,1.0,0.0,1.0,1.0,1.0
15,10014290,8.468,8.474,1.0,0.0,1.0,1.0,0.0,1.0,1.0,1.0
15,1001430,9.424,9.428,1.0,0.0,1.0,1.0,0.0,1.0,1.0,1.0
15,10014300,8.454,8.456,1.0,0.0,1.0,1.0,0.0,1.0,1.0,1.0
15,10014310,8.438,8.44,1.0,0.0,1.0,1.0,0.0,1.0,1.0,1.0
15,10014320,8.422,8.426,1.0,0.0,1.0,1.0,0.0,1.0,1.0,1.0
15,10014330,8.406,8.41,1.0,0.0,1.0,1.0,0.0,1.0,1.0,1.0
15,10014340,8.39,8.396,1.0,0.0,1.0,1.0,0.0,1.0,1.0,1.0
15,10014350,8.374,8.376,1.0,0.0,1.0,1.0,0.0,1.0,1.0,1.0
15,10014360,8.36,8.362,1.0,0.0,1.0,1.0,0.0,1.0,1.0,1.0
15,10014370,8.344,8.348,1.0,0.0,1.0,1.0,0.0,1.0,1.0,1.0
15,10014380,8.328,8.334,1.0,0.0,1.0,1.0,0.0,1.0,1.0,1.0
15,10014390,8.314,8.316,1.0,0.0,1.0,1.0,0.0,1.0,1.0,1.0
15,1001440,9.416,9.416,1.0,0.0,1.0,1.0,0.0,1.0,1.0,1.0
15,10014400,8.296,8.3,1.0,0.0,1.0,1.0,0.0,1.0,1.0,1.0
15,10014410,8.282,8.286,1.0,0.0,1.0,1.0,0.0,1.0,1.0,1.0
15,10014420,8.266,8.27,1.0,0.0,1.0,1.0,0.0,1.0,1.0,1.0
15,10014430,8.25,8.254,1.0,0.0,1.0,1.0,0.0,1.0,1.0,1.0
15,10014440,8.236,8.24,1.0,0.0,1.0,1.0,0.0,1.0,1.0,1.0
15,10014450,8.22,8.224,1.0,0.0,1.0,1.0,0.0,1.0,1.0,1.0
15,10014460,8.204,8.206,1.0,0.0,1.0,1.0,0.0,1.0,1.0,1.0
15,10014470,8.188,8.19,1.0,0.0,1.0,1.0,0.0,1.0,1.0,1.0
15,10014480,8.174,8.178,1.0,0.0,1.0,1.0,0.0,1.0,1.0,1.0
15,10014490,8.146,8.152,1.0,0.0,1.0,1.0,0.0,1.0,1.0,1.0
15,1001450,9.404,9.406,1.0,0.0,1.0,1.0,0.0,1.0,1.0,1.0
15,10014500,8.134,8.138,1.0,0.0,1.0,1.0,0.0,1.0,1.0,1.0
15,10014510,8.12,8.122,1.0,0.0,1.0,1.0,0.0,1.0,1.0,1.0
15,10014520,8.106,8.108,0.0,1.0,1.0,0.0,0.0,1.0,1.0,1.0
15,10014530,8.182,8.184,0.0,1.0,1.0,0.0,0.0,1.0,1.0,1.0
15,10014540,8.304,8.306,0.0,1.0,0.0,0.0,0.0,1.0,1.0,1.0
15,10014550,8.488,8.488,0.0,1.0,0.0,0.0,0.0,1.0,1.0,1.0
15,10014560,8.722,8.722,0.0,1.0,0.0,0.0,0.0,1.0,1.0,1.0
15,10014570,8.928,8.928,0.0,1.0,0.0,0.0,0.0,1.0,1.0,1.0
15,10014580,9.122,9.12,0.0,1.0,0.0,0.0,0.0,1.0,1.0,1.0
15,10014590,9.312,9.308,0.0,1.0,0.0,0.0,0.0,1.0,1.0,1.0
15,1001460,9.392,9.394,1.0,0.0,1.0,1.0,0.0,1.0,1.0,1.0
15,10014600,9.39,9.388,0.0,1.0,1.0,0.0,0.0,1.0,1.0,1.0
15,10014610,9.538,9.536,0.0,1.0,1.0,0.0,0.0,1.0,1.0,1.0
15,10014620,9.708,9.706,0.0,1.0,1.0,0.0,0.0,1.0,1.0,1.0
15,10014630,9.874,9.874,0.0,1.0,1.0,0.0,0.0,1.0,1.0,1.0
15,10014640,10.024,10.022,0.0,1.0,1.0,0.0,0.0,1.0,1.0,1.0
15,10014650,10.178,10.178,0.0,1.0,1.0,0.0,0.0,1.0,1.0,1.0
15,10014660,10.154,10.154,1.0,0.0,1.0,1.0,0.0,1.0,1.0,1.0
15,10014670,10.108,10.106,1.0,0.0,1.0,1.0,0.0,1.0,1.0,1.0
15,10014680,10.064,10.062,1.0,0.0,1.0,1.0,0.0,1.0,1.0,1.0
15,10014690,10.024,10.02,1.0,0.0,1.0,1.0,0.0,1.0,1.0,1.0
15,1001470,9.384,9.386,1.0,0.0,1.0,1.0,0.0,1.0,1.0,1.0
15,10014700,9.99,9.988,1.0,0.0,1.0,1.0,0.0,1.0,1.0,1.0
15,10014710,9.958,9.956,1.0,0.0,1.0,1.0,0.0,1.0,1.0,1.0
15,10014720,9.926,9.926,1.0,0.0,1.0,1.0,0.0,1.0,1.0,1.0
15,10014730,9.9,9.9,1.0,0.0,1.0,1.0,0.0,1.0,1.0,1.0
15,10014740,9.866,9.866,1.0,0.0,1.0,1.0,0.0,1.0,1.0,1.0
15,10014750,9.84,9.84,1.0,0.0,1.0,1.0,0.0,1.0,1.0,1.0
15,10014760,9.818,9.818,1.0,0.0,1.0,1.0,0.0,1.0,1.0,1.0
15,10014770,9.796,9.796,1.0,0.0,1.0,1.0,0.0,1.0,1.0,1.0
15,10014780,9.774,9.772,1.0,0.0,1.0,1.0,0.0,1.0,1.0,1.0
15,10014790,9.75,9.748,1.0,0.0,1.0,1.0,0.0,1.0,1.0,1.0
15,1001480,9.376,9.378,1.0,0.0,1.0,1.0,0.0,1.0,1.0,1.0
15,10014800,9.73,9.73,1.0,0.0,1.0,1.0,0.0,1.0,1.0,1.0
15,10014810,9.708,9.708,1.0,0.0,1.0,1.0,0.0,1.0,1.0,1.0
15,10014820,9.69,9.69,1.0,0.0,1.0,1.0,0.0,1.0,1.0,1.0
15,10014830,9.666,9.666,1.0,0.0,1.0,1.0,0.0,1.0,1.0,1.0
15,10014840,9.65,9.648,1.0,0.0,1.0,1.0,0.0,1.0,1.0,1.0
15,10014850,9.63,9.628,1.0,0.0,1.0,1.0,0.0,1.0,1.0,1.0
15,10014860,9.608,9.608,1.0,0.0,1.0,1.0,0.0,1.0,1.0,1.0
15,10014870,9.59,9.592,1.0,0.0,1.0,1.0,0.0,1.0,1.0,1.0
15,10014880,9.572,9.574,1.0,0.0,1.0,1.0,0.0,1.0,1.0,1.0
15,10014890,9.548,9.552,1.0,0.0,1.0,1.0,0.0,1.0,1.0,1.0
15,1001490,9.366,9.368,1.0,0.0,1.0,1.0,0.0,1.0,1.0,1.0
15,10014900,9.53,9.534,1.0,0.0,1.0,1.0,0.0,1.0,1.0,1.0
15,10014910,9.512,9.514,1.0,0.0,1.0,1.0,0.0,1.0,1.0,1.0
15,10014920,9.492,9.494,1.0,0.0,1.0,1.0,0.0,1.0,1.0,1.0
15,10014930,9.472,9.474,1.0,0.0,1.0,1.0,0.0,1.0,1.0,1.0
15,10014940,9.436,9.438,1.0,0.0,1.0,1.0,0.0,1.0,1.0,1.0
15,10014950,9.38,9.386,1.0,0.0,1.0,1.0,0.0,1.0,1.0,1.0
15,10014960,9.366,9.37,1.0,0.0,1.0,1.0,0.0,1.0,1.0,1.0
15,10014970,9.344,9.346,1.0,0.0,1.0,1.0,0.0,1.0,1.0,1.0
15,10014980,9.326,9.33,1.0,0.0,1.0,1.0,0.0,1.0,1.0,1.0
15,10014990,9.308,9.31,1.0,0.0,1.0,1.0,0.0,1.0,1.0,1.0
